datetime,unrealized_pnl,realized_pnl,total_pnl,market_value,daily_pnl
2021-01-01 00:00:00,0.0000,0.0000,0.0000,117127.9000,0.0000
2021-01-02 00:00:00,1768.6313,0.0000,1768.6313,118896.5313,1768.6313
2021-01-03 00:00:00,13141.7504,0.0000,13141.7504,130269.6504,11373.1191
2021-01-04 00:00:00,16608.7362,0.0000,16608.7362,133736.6362,3466.9858
2021-01-05 00:00:00,11935.3330,0.0000,11935.3330,129063.2330,-4673.4032
2021-01-06 00:00:00,21106.4476,0.0000,21106.4476,138234.3476,9171.1146
2021-01-07 00:00:00,34388.7514,0.0000,34388.7514,151516.6514,13282.3039
2021-01-08 00:00:00,47214.2565,0.0000,47214.2565,164342.1565,12825.5050
2021-01-09 00:00:00,52965.2364,0.0000,52965.2364,170093.1364,5750.9799
2021-01-10 00:00:00,50763.2319,0.0000,50763.2319,167891.1319,-2202.0045
2021-01-11 00:00:00,39003.5907,0.0000,39003.5907,156131.4907,-11759.6412
2021-01-12 00:00:00,23144.4730,0.0000,23144.4730,140272.3730,-15859.1177
2021-01-13 00:00:00,14535.5724,0.0000,14535.5724,131663.4724,-8608.9006
2021-01-14 00:00:00,35021.2421,0.0000,35021.2421,152149.1421,20485.6697
2021-01-15 00:00:00,45785.2961,0.0000,45785.2961,162913.1961,10764.0540
2021-01-16 00:00:00,29973.0296,0.0000,29973.0296,147100.9296,-15812.2665
2021-01-17 00:00:00,25159.0729,0.0000,25159.0729,142286.9729,-4813.9567
2021-01-18 00:00:00,23952.6555,0.0000,23952.6555,141080.5555,-1206.4174
2021-01-19 00:00:00,26552.8949,0.0000,26552.8949,143680.7949,2600.2394
2021-01-20 00:00:00,24327.4648,0.0000,24327.4648,141455.3648,-2225.4301
2021-01-21 00:00:00,23167.8986,0.0000,23167.8986,140295.7986,-1159.5662
2021-01-22 00:00:00,10846.0435,0.0000,10846.0435,127973.9435,-12321.8551
2021-01-23 00:00:00,16058.2351,0.0000,16058.2351,133186.1351,5212.1915
2021-01-24 00:00:00,14008.4968,0.0000,14008.4968,131136.3968,-2049.7383
2021-01-25 00:00:00,14266.1782,0.0000,14266.1782,131394.0782,257.6814
2021-01-26 00:00:00,14242.7526,0.0000,14242.7526,131370.6526,-23.4256
2021-01-27 00:00:00,14582.4236,0.0000,14582.4236,131710.3236,339.6709
2021-01-28 00:00:00,11607.3749,0.0000,11607.3749,128735.2749,-2975.0487
2021-01-29 00:00:00,15343.7549,0.0000,15343.7549,132471.6549,3736.3800
2021-01-30 00:00:00,16222.2142,0.0000,16222.2142,133350.1142,878.4593
2021-01-31 00:00:00,16362.7676,0.0000,16362.7676,133490.6676,140.5535
2021-02-01 00:00:00,15507.7340,0.0000,15507.7340,132635.6340,-855.0337
2021-02-02 00:00:00,15741.9898,0.0000,15741.9898,132869.8898,234.2558
2021-02-03 00:00:00,16362.7676,0.0000,16362.7676,133490.6676,620.7779
2021-02-04 00:00:00,16608.7362,0.0000,16608.7362,133736.6362,245.9686
2021-02-05 00:00:00,16878.1304,0.0000,16878.1304,134006.0304,269.3942
2021-02-06 00:00:00,16526.7467,0.0000,16526.7467,133654.6467,-351.3837
2021-02-07 00:00:00,20239.7011,0.0000,20239.7011,137367.6011,3712.9544
2021-02-08 00:00:00,17990.8454,0.0000,17990.8454,135118.7454,-2248.8557
2021-02-09 00:00:00,58915.3337,0.0000,58915.3337,176043.2337,40924.4883
2021-02-10 00:00:00,58962.1849,0.0000,58962.1849,176090.0849,46.8512
2021-02-11 00:00:00,49041.4517,0.0000,49041.4517,166169.3517,-9920.7331
2021-02-12 00:00:00,67653.0750,0.0000,67653.0750,184780.9750,18611.6233
2021-02-13 00:00:00,63553.5985,0.0000,63553.5985,180681.4985,-4099.4765
2021-02-14 00:00:00,61913.8079,0.0000,61913.8079,179041.7079,-1639.7906
2021-02-15 00:00:00,70838.9539,0.0000,70838.9539,187966.8539,8925.1460
2021-02-16 00:00:00,65907.8693,0.0000,65907.8693,183035.7693,-4931.0846
2021-02-17 00:00:00,73626.5979,0.0000,73626.5979,190754.4979,7718.7286
2021-02-18 00:00:00,93796.0223,0.0000,93796.0223,210923.9223,20169.4244
2021-02-19 00:00:00,1.4860,91604.2446,91605.7306,3.3860,-93794.5363
2021-02-20 00:00:00,1.7708,91604.2446,91606.0154,3.6708,0.2848
2021-02-21 00:00:00,1.7697,91604.2446,91606.0143,3.6697,-0.0011
2021-02-22 00:00:00,1.8789,91604.2446,91606.1235,3.7789,0.1092
2021-02-23 00:00:00,1.6260,91604.2446,91605.8706,3.5260,-0.2529
2021-02-24 00:00:00,1.2225,91604.2446,91605.4671,3.1225,-0.4036
2021-02-25 00:00:00,1.2865,91604.2446,91605.5311,3.1865,0.0640
2021-02-26 00:00:00,1.0608,91604.2446,91605.3054,2.9608,-0.2257
2021-02-27 00:00:00,1.0157,91604.2446,91605.2603,2.9157,-0.0450
2021-02-28 00:00:00,1.0076,91604.2446,91605.2522,2.9076,-0.0082
2021-03-01 00:00:00,0.9623,91604.2446,91605.2070,2.8623,-0.0452
2021-03-02 00:00:00,1.1586,91604.2446,91605.4032,3.0586,0.1963
2021-03-03 00:00:00,1.1104,91604.2446,91605.3550,3.0104,-0.0483
2021-03-04 00:00:00,1.1869,91604.2446,91605.4315,3.0869,0.0766
2021-03-05 00:00:00,1.1107,91604.2446,91605.3553,3.0107,-0.0762
2021-03-06 00:00:00,1.1237,91604.2446,91605.3683,3.0237,0.0129
2021-03-07 00:00:00,1.1290,91604.2446,91605.3736,3.0290,0.0053
2021-03-08 00:00:00,1.1890,91604.2446,91605.4336,3.0890,0.0600
2021-03-09 00:00:00,1.2242,91604.2446,91605.4688,3.1242,0.0351
2021-03-10 00:00:00,1.2827,91604.2446,91605.5273,3.1827,0.0585
2021-03-11 00:00:00,1.3059,91604.2446,91605.5505,3.2059,0.0232
2021-03-12 00:00:00,1.4666,91604.2446,91605.7112,3.3666,0.1607
2021-03-13 00:00:00,1.4128,91604.2446,91605.6574,3.3128,-0.0538
2021-03-14 00:00:00,1.7647,91604.2446,91606.0093,3.6647,0.3519
2021-03-15 00:00:00,1.5513,91604.2446,91605.7959,3.4513,-0.2134
2021-03-16 00:00:00,1.2251,91604.2446,91605.4697,3.1251,-0.3262
2021-03-17 00:00:00,1.3530,91604.2446,91605.5976,3.2530,0.1279
2021-03-18 00:00:00,1.5542,91604.2446,91605.7988,3.4542,0.2012
2021-03-19 00:00:00,1.4111,91604.2446,91605.6557,3.3111,-0.1431
2021-03-20 00:00:00,1.4552,91604.2446,91605.6998,3.3552,0.0441
2021-03-21 00:00:00,1.4609,91604.2446,91605.7055,3.3609,0.0057
2021-03-22 00:00:00,1.3784,91604.2446,91605.6230,3.2784,-0.0825
2021-03-23 00:00:00,1.2126,91604.2446,91605.4572,3.1126,-0.1659
2021-03-24 00:00:00,1.2251,91604.2446,91605.4697,3.1251,0.0125
2021-03-25 00:00:00,1.1343,91604.2446,91605.3789,3.0343,-0.0908
2021-03-26 00:00:00,1.0950,91604.2446,91605.3396,2.9950,-0.0393
2021-03-27 00:00:00,1.2371,91604.2446,91605.4817,3.1371,0.1421
2021-03-28 00:00:00,1.2660,91604.2446,91605.5106,3.1660,0.0289
2021-03-29 00:00:00,1.2578,91604.2446,91605.5024,3.1578,-0.0082
2021-03-30 00:00:00,1.3186,91604.2446,91605.5632,3.2186,0.0608
2021-03-31 00:00:00,1.3517,91604.2446,91605.5963,3.2517,0.0331
2021-04-01 00:00:00,1.3528,91604.2446,91605.5974,3.2528,0.0011
2021-04-02 00:00:00,1.3543,91604.2446,91605.5989,3.2543,0.0015
2021-04-03 00:00:00,1.3625,91604.2446,91605.6071,3.2625,0.0082
2021-04-04 00:00:00,1.3319,91604.2446,91605.5765,3.2319,-0.0306
2021-04-05 00:00:00,1.3475,91604.2446,91605.5921,3.2475,0.0156
2021-04-06 00:00:00,1.3602,91604.2446,91605.6048,3.2602,0.0127
2021-04-07 00:00:00,1.3558,91604.2446,91605.6004,3.2558,-0.0044
2021-04-08 00:00:00,1.3422,91604.2446,91605.5868,3.2422,-0.0137
2021-04-09 00:00:00,1.3539,91604.2446,91605.5985,3.2539,0.0118
2021-04-10 00:00:00,1.3556,91604.2446,91605.6003,3.2556,0.0017
2021-04-11 00:00:00,1.3625,91604.2446,91605.6071,3.2625,0.0068
2021-04-12 00:00:00,1.3682,91604.2446,91605.6128,3.2682,0.0057
2021-04-13 00:00:00,1.3792,91604.2446,91605.6238,3.2792,0.0110
2021-04-14 00:00:00,1.3562,91604.2446,91605.6008,3.2562,-0.0230
2021-04-15 00:00:00,1.3074,91604.2446,91605.5520,3.2074,-0.0488
2021-04-16 00:00:00,1.3249,91604.2446,91605.5695,3.2249,0.0175
2021-04-17 00:00:00,1.1763,91604.2446,91605.4209,3.0763,-0.1486
2021-04-18 00:00:00,1.0627,91604.2446,91605.3073,2.9627,-0.1136
2021-04-19 00:00:00,0.7351,91604.2446,91604.9797,2.6351,-0.3276
2021-04-20 00:00:00,0.7121,91604.2446,91604.9567,2.6121,-0.0230
2021-04-21 00:00:00,0.7429,91604.2446,91604.9875,2.6429,0.0308
2021-04-22 00:00:00,0.6464,91604.2446,91604.8910,2.5464,-0.0965
2021-04-23 00:00:00,0.5770,91604.2446,91604.8216,2.4770,-0.0693
2021-04-24 00:00:00,0.5590,91604.2446,91604.8036,2.4590,-0.0180
2021-04-25 00:00:00,0.5284,91604.2446,91604.7730,2.4284,-0.0306
2021-04-26 00:00:00,0.5020,91604.2446,91604.7466,2.4020,-0.0264
2021-04-27 00:00:00,0.6329,91604.2446,91604.8775,2.5329,0.1309
2021-04-28 00:00:00,0.6551,91604.2446,91604.8997,2.5551,0.0222
2021-04-29 00:00:00,0.6515,91604.2446,91604.8961,2.5515,-0.0036
2021-04-30 00:00:00,0.6287,91604.2446,91604.8733,2.5287,-0.0228
2021-05-01 00:00:00,0.6952,91604.2446,91604.9398,2.5952,0.0665
2021-05-02 00:00:00,0.6952,91604.2446,91604.9398,2.5952,0.0000
2021-05-03 00:00:00,0.6813,91604.2446,91604.9259,2.5813,-0.0139
2021-05-04 00:00:00,0.7001,91604.2446,91604.9448,2.6001,0.0188
2021-05-05 00:00:00,0.5508,91604.2446,91604.7954,2.4508,-0.1493
2021-05-06 00:00:00,0.7197,91604.2446,91604.9643,2.6197,0.1689
2021-05-07 00:00:00,0.6754,91604.2446,91604.9201,2.5754,-0.0443
2021-05-08 00:00:00,0.7153,91604.2446,91604.9600,2.6153,0.0399
2021-05-09 00:00:00,0.7847,91604.2446,91605.0293,2.6847,0.0693
2021-05-10 00:00:00,0.7524,91604.2446,91604.9970,2.6524,-0.0323
2021-05-11 00:00:00,0.6354,91604.2446,91604.8800,2.5354,-0.1170
2021-05-12 00:00:00,0.6791,91604.2446,91604.9237,2.5791,0.0437
2021-05-13 00:00:00,0.3044,91604.2446,91604.5490,2.2044,-0.3747
2021-05-14 00:00:00,0.2402,91604.2446,91604.4848,2.1402,-0.0642
2021-05-15 00:00:00,0.2402,91604.2446,91604.4848,2.1402,0.0000
2021-05-16 00:00:00,0.2624,91604.2446,91604.5070,2.1624,0.0222
2021-05-17 00:00:00,0.2668,91604.2446,91604.5114,2.1668,0.0044
2021-05-18 00:00:00,0.2884,91604.2446,91604.5330,2.1884,0.0217
2021-05-19 00:00:00,0.2966,91604.2446,91604.5412,2.1966,0.0082
2021-05-20 00:00:00,0.3553,91604.2446,91604.5999,2.2553,0.0587
2021-05-21 00:00:00,0.3114,91604.2446,91604.5560,2.2114,-0.0439
2021-05-22 00:00:00,0.3488,91604.2446,91604.5934,2.2488,0.0374
2021-05-23 00:00:00,0.3460,91604.2446,91604.5906,2.2460,-0.0028
2021-05-24 00:00:00,0.3830,91604.2446,91604.6276,2.2830,0.0370
2021-05-25 00:00:00,0.3203,91604.2446,91604.5649,2.2203,-0.0627
2021-05-26 00:00:00,0.3306,91604.2446,91604.5752,2.2306,0.0103
2021-05-27 00:00:00,0.3139,91604.2446,91604.5585,2.2139,-0.0167
2021-05-28 00:00:00,0.3258,91604.2446,91604.5704,2.2258,0.0120
2021-05-29 00:00:00,0.3813,91604.2446,91604.6259,2.2813,0.0555
2021-05-30 00:00:00,0.3543,91604.2446,91604.5989,2.2543,-0.0270
2021-05-31 00:00:00,0.3724,91604.2446,91604.6170,2.2724,0.0180
2021-06-01 00:00:00,0.3977,91604.2446,91604.6423,2.2977,0.0253
2021-06-02 00:00:00,0.3891,91604.2446,91604.6337,2.2891,-0.0085
2021-06-03 00:00:00,0.4020,91604.2446,91604.6466,2.3020,0.0129
2021-06-04 00:00:00,0.4330,91604.2446,91604.6776,2.3330,0.0310
2021-06-05 00:00:00,0.3851,91604.2446,91604.6297,2.2851,-0.0479
2021-06-06 00:00:00,0.3576,91604.2446,91604.6022,2.2576,-0.0275
2021-06-07 00:00:00,0.3637,91604.2446,91604.6083,2.2637,0.0061
2021-06-08 00:00:00,0.3124,91604.2446,91604.5570,2.2124,-0.0513
2021-06-09 00:00:00,0.3078,91604.2446,91604.5524,2.2078,-0.0046
