datetime,pps,cum_pnl_rate,daily_pnl_rate
2022-11-20 00:00:00,0.6351,0.0000,0.0000
2022-11-21 00:00:00,0.6310,-0.0065,-0.0065
2022-11-22 00:00:00,0.6301,-0.0079,-0.0014
2022-11-23 00:00:00,0.6294,-0.0090,-0.0011
2022-11-24 00:00:00,0.6302,-0.0077,0.0013
2022-11-25 00:00:00,0.6301,-0.0079,-0.0002
2022-11-26 00:00:00,0.6288,-0.0099,-0.0021
2022-11-27 00:00:00,0.6291,-0.0094,0.0005
2022-11-28 00:00:00,0.6289,-0.0098,-0.0003
2022-11-29 00:00:00,0.6287,-0.0101,-0.0003
2022-11-30 00:00:00,0.6279,-0.0113,-0.0013
2022-12-01 00:00:00,0.6279,-0.0113,0.0000
2022-12-02 00:00:00,0.6279,-0.0113,0.0000
2022-12-03 00:00:00,0.6277,-0.0117,-0.0003
2022-12-04 00:00:00,0.6264,-0.0137,-0.0021
2022-12-05 00:00:00,0.6264,-0.0137,0.0000
2022-12-06 00:00:00,0.6259,-0.0145,-0.0008
2022-12-07 00:00:00,0.6243,-0.0170,-0.0026
2022-12-08 00:00:00,0.6112,-0.0376,-0.0210
2022-12-09 00:00:00,0.6125,-0.0356,0.0021
2022-12-10 00:00:00,0.6126,-0.0354,0.0002
2022-12-11 00:00:00,0.6127,-0.0353,0.0002
2022-12-12 00:00:00,0.6110,-0.0379,-0.0028
2022-12-13 00:00:00,0.5973,-0.0595,-0.0224
2022-12-14 00:00:00,0.5908,-0.0698,-0.0109
2022-12-15 00:00:00,0.5873,-0.0753,-0.0059
2022-12-16 00:00:00,0.5740,-0.0962,-0.0226
2022-12-17 00:00:00,0.5434,-0.1444,-0.0533
2022-12-18 00:00:00,0.5414,-0.1475,-0.0037
2022-12-19 00:00:00,0.5412,-0.1479,-0.0004
