datetime,pps,cum_pnl_rate,daily_pnl_rate
2023-04-28 00:00:00,0.4801,0.0000,0.0000
2023-04-29 00:00:00,0.4800,-0.0002,-0.0002
2023-04-30 00:00:00,0.4798,-0.0006,-0.0004
2023-05-01 00:00:00,0.4795,-0.0012,-0.0006
2023-05-02 00:00:00,0.4793,-0.0017,-0.0004
2023-05-03 00:00:00,0.4794,-0.0015,0.0002
2023-05-04 00:00:00,0.4794,-0.0015,0.0000
2023-05-05 00:00:00,0.4793,-0.0017,-0.0002
2023-05-06 00:00:00,0.4794,-0.0015,0.0002
2023-05-07 00:00:00,0.4789,-0.0025,-0.0010
2023-05-08 00:00:00,0.4789,-0.0025,0.0000
2023-05-09 00:00:00,0.4781,-0.0042,-0.0017
2023-05-10 00:00:00,0.4782,-0.0040,0.0002
2023-05-11 00:00:00,0.4781,-0.0042,-0.0002
2023-05-12 00:00:00,0.4781,-0.0042,0.0000
2023-05-13 00:00:00,0.4781,-0.0042,0.0000
2023-05-14 00:00:00,0.4781,-0.0042,0.0000
2023-05-15 00:00:00,0.4781,-0.0042,0.0000
2023-05-16 00:00:00,0.4781,-0.0042,0.0000
2023-05-17 00:00:00,0.4781,-0.0042,0.0000
2023-05-18 00:00:00,0.4781,-0.0042,0.0000
2023-05-19 00:00:00,0.4781,-0.0042,0.0000
2023-05-20 00:00:00,0.4781,-0.0042,0.0000
2023-05-21 00:00:00,0.4781,-0.0042,0.0000
2023-05-22 00:00:00,0.4781,-0.0042,0.0000
2023-05-23 00:00:00,0.4781,-0.0042,0.0000
2023-05-24 00:00:00,0.4781,-0.0042,0.0000
2023-05-25 00:00:00,0.4781,-0.0042,0.0000
2023-05-26 00:00:00,0.4781,-0.0042,0.0000
2023-05-27 00:00:00,0.4781,-0.0042,0.0000
2023-05-28 00:00:00,0.4781,-0.0042,0.0000
2023-05-29 00:00:00,0.4781,-0.0042,0.0000
2023-05-30 00:00:00,0.4781,-0.0042,0.0000
2023-05-31 00:00:00,0.4781,-0.0042,0.0000
2023-06-01 00:00:00,0.4781,-0.0042,0.0000
2023-06-02 00:00:00,0.4781,-0.0042,0.0000
2023-06-03 00:00:00,0.4781,-0.0042,0.0000
2023-06-04 00:00:00,0.4781,-0.0042,0.0000
2023-06-05 00:00:00,0.4781,-0.0042,0.0000
2023-06-06 00:00:00,0.4781,-0.0042,0.0000
2023-06-07 00:00:00,0.4781,-0.0042,0.0000
2023-06-08 00:00:00,0.4781,-0.0042,0.0000
2023-06-09 00:00:00,0.4781,-0.0042,0.0000
2023-06-10 00:00:00,0.4781,-0.0042,0.0000
2023-06-11 00:00:00,0.4781,-0.0042,0.0000
2023-06-12 00:00:00,0.4781,-0.0042,0.0000
2023-06-13 00:00:00,0.4781,-0.0042,0.0000
2023-06-14 00:00:00,0.4781,-0.0042,0.0000
2023-06-15 00:00:00,0.4781,-0.0042,0.0000
2023-06-16 00:00:00,0.4781,-0.0042,0.0000
2023-06-17 00:00:00,0.4781,-0.0042,0.0000
2023-06-18 00:00:00,0.4781,-0.0042,0.0000
2023-06-19 00:00:00,0.4781,-0.0042,0.0000
2023-06-20 00:00:00,0.4781,-0.0042,0.0000
2023-06-21 00:00:00,0.4781,-0.0042,0.0000
2023-06-22 00:00:00,0.4781,-0.0042,0.0000
2023-06-23 00:00:00,0.4781,-0.0042,0.0000
2023-06-24 00:00:00,0.4779,-0.0046,-0.0004
2023-06-25 00:00:00,0.4776,-0.0052,-0.0006
2023-06-26 00:00:00,0.4778,-0.0048,0.0004
2023-06-27 00:00:00,0.4772,-0.0060,-0.0013
2023-06-28 00:00:00,0.4780,-0.0044,0.0017
2023-06-29 00:00:00,0.4762,-0.0081,-0.0038
2023-06-30 00:00:00,0.4770,-0.0065,0.0017
2023-07-01 00:00:00,0.4785,-0.0033,0.0031
2023-07-02 00:00:00,0.4785,-0.0033,0.0000
2023-07-03 00:00:00,0.4787,-0.0029,0.0004
2023-07-04 00:00:00,0.4799,-0.0004,0.0025
2023-07-05 00:00:00,0.4786,-0.0031,-0.0027
2023-07-06 00:00:00,0.4774,-0.0056,-0.0025
2023-07-07 00:00:00,0.4737,-0.0133,-0.0078
2023-07-08 00:00:00,0.4756,-0.0094,0.0040
2023-07-09 00:00:00,0.4753,-0.0100,-0.0006
2023-07-10 00:00:00,0.4749,-0.0108,-0.0008
2023-07-11 00:00:00,0.4762,-0.0081,0.0027
2023-07-12 00:00:00,0.4767,-0.0071,0.0010
2023-07-13 00:00:00,0.4758,-0.0090,-0.0019
2023-07-14 00:00:00,0.4837,0.0075,0.0166
2023-07-15 00:00:00,0.4781,-0.0042,-0.0116
2023-07-16 00:00:00,0.4778,-0.0048,-0.0006
2023-07-17 00:00:00,0.4773,-0.0058,-0.0010
2023-07-18 00:00:00,0.4766,-0.0073,-0.0015
2023-07-19 00:00:00,0.4752,-0.0102,-0.0029
2023-07-20 00:00:00,0.4750,-0.0106,-0.0004
2023-07-21 00:00:00,0.4749,-0.0108,-0.0002
2023-07-22 00:00:00,0.4751,-0.0104,0.0004
2023-07-23 00:00:00,0.4737,-0.0133,-0.0029
2023-07-24 00:00:00,0.4755,-0.0096,0.0038
2023-07-25 00:00:00,0.4714,-0.0181,-0.0086
2023-07-26 00:00:00,0.4718,-0.0173,0.0008
2023-07-27 00:00:00,0.4728,-0.0152,0.0021
2023-07-28 00:00:00,0.4720,-0.0169,-0.0017
2023-07-29 00:00:00,0.4728,-0.0152,0.0017
2023-07-30 00:00:00,0.4732,-0.0144,0.0008
2023-07-31 00:00:00,0.4722,-0.0165,-0.0021
2023-08-01 00:00:00,0.4718,-0.0173,-0.0008
2023-08-02 00:00:00,0.4740,-0.0127,0.0047
2023-08-03 00:00:00,0.4709,-0.0192,-0.0065
2023-08-04 00:00:00,0.4707,-0.0196,-0.0004
2023-08-05 00:00:00,0.4703,-0.0204,-0.0008
2023-08-06 00:00:00,0.4704,-0.0202,0.0002
2023-08-07 00:00:00,0.4702,-0.0206,-0.0004
2023-08-08 00:00:00,0.4705,-0.0200,0.0006
2023-08-09 00:00:00,0.4738,-0.0131,0.0070
2023-08-10 00:00:00,0.4731,-0.0146,-0.0015
2023-08-11 00:00:00,0.4725,-0.0158,-0.0013
2023-08-12 00:00:00,0.4722,-0.0165,-0.0006
2023-08-13 00:00:00,0.4723,-0.0162,0.0002
2023-08-14 00:00:00,0.4714,-0.0181,-0.0019
2023-08-15 00:00:00,0.4721,-0.0167,0.0015
2023-08-16 00:00:00,0.4705,-0.0200,-0.0034
2023-08-17 00:00:00,0.4678,-0.0256,-0.0057
2023-08-18 00:00:00,0.4536,-0.0552,-0.0304
2023-08-19 00:00:00,0.4504,-0.0619,-0.0071
2023-08-20 00:00:00,0.4510,-0.0606,0.0013
2023-08-21 00:00:00,0.4521,-0.0583,0.0024
2023-08-22 00:00:00,0.4510,-0.0606,-0.0024
2023-08-23 00:00:00,0.4491,-0.0646,-0.0042
2023-08-24 00:00:00,0.4529,-0.0567,0.0085
2023-08-25 00:00:00,0.4509,-0.0608,-0.0044
2023-08-26 00:00:00,0.4500,-0.0627,-0.0020
2023-08-27 00:00:00,0.4495,-0.0637,-0.0011
2023-08-28 00:00:00,0.4504,-0.0619,0.0020
2023-08-29 00:00:00,0.4503,-0.0621,-0.0002
2023-08-30 00:00:00,0.4608,-0.0402,0.0233
2023-08-31 00:00:00,0.4578,-0.0464,-0.0065
2023-09-01 00:00:00,0.4491,-0.0646,-0.0190
2023-09-02 00:00:00,0.4477,-0.0675,-0.0031
2023-09-03 00:00:00,0.4484,-0.0660,0.0016
2023-09-04 00:00:00,0.4488,-0.0652,0.0009
2023-09-05 00:00:00,0.4479,-0.0671,-0.0020
2023-09-06 00:00:00,0.4479,-0.0671,0.0000
2023-09-07 00:00:00,0.4477,-0.0675,-0.0004
2023-09-08 00:00:00,0.4505,-0.0617,0.0063
2023-09-09 00:00:00,0.4485,-0.0658,-0.0044
2023-09-10 00:00:00,0.4484,-0.0660,-0.0002
2023-09-11 00:00:00,0.4473,-0.0683,-0.0025
2023-09-12 00:00:00,0.4411,-0.0812,-0.0139
2023-09-13 00:00:00,0.4460,-0.0710,0.0111
2023-09-14 00:00:00,0.4483,-0.0662,0.0052
2023-09-15 00:00:00,0.4507,-0.0612,0.0054
2023-09-16 00:00:00,0.4518,-0.0589,0.0024
2023-09-17 00:00:00,0.4512,-0.0602,-0.0013
2023-09-18 00:00:00,0.4505,-0.0617,-0.0016
2023-09-19 00:00:00,0.4523,-0.0579,0.0040
2023-09-20 00:00:00,0.4546,-0.0531,0.0051
2023-09-21 00:00:00,0.4531,-0.0562,-0.0033
2023-09-22 00:00:00,0.4485,-0.0658,-0.0102
2023-09-23 00:00:00,0.4491,-0.0646,0.0013
2023-09-24 00:00:00,0.4491,-0.0646,0.0000
2023-09-25 00:00:00,0.4468,-0.0694,-0.0051
2023-09-26 00:00:00,0.4476,-0.0677,0.0018
2023-09-27 00:00:00,0.4475,-0.0679,-0.0002
2023-09-28 00:00:00,0.4484,-0.0660,0.0020
2023-09-29 00:00:00,0.4544,-0.0535,0.0134
2023-09-30 00:00:00,0.4546,-0.0531,0.0004
2023-10-01 00:00:00,0.4551,-0.0521,0.0011
2023-10-02 00:00:00,0.4633,-0.0350,0.0180
2023-10-03 00:00:00,0.4573,-0.0475,-0.0130
2023-10-04 00:00:00,0.4565,-0.0492,-0.0017
2023-10-05 00:00:00,0.4577,-0.0467,0.0026
2023-10-06 00:00:00,0.4540,-0.0544,-0.0081
2023-10-07 00:00:00,0.4584,-0.0452,0.0097
2023-10-08 00:00:00,0.4579,-0.0462,-0.0011
2023-10-09 00:00:00,0.4577,-0.0467,-0.0004
2023-10-10 00:00:00,0.4532,-0.0560,-0.0098
2023-10-11 00:00:00,0.4515,-0.0596,-0.0038
2023-10-12 00:00:00,0.4487,-0.0654,-0.0062
2023-10-13 00:00:00,0.4466,-0.0698,-0.0047
2023-10-14 00:00:00,0.4479,-0.0671,0.0029
2023-10-15 00:00:00,0.4480,-0.0669,0.0002
2023-10-16 00:00:00,0.4498,-0.0631,0.0040
2023-10-17 00:00:00,0.4595,-0.0429,0.0216
2023-10-18 00:00:00,0.4571,-0.0479,-0.0052
2023-10-19 00:00:00,0.4565,-0.0492,-0.0013
2023-10-20 00:00:00,0.4591,-0.0437,0.0057
2023-10-21 00:00:00,0.4666,-0.0281,0.0163
2023-10-22 00:00:00,0.4695,-0.0221,0.0062
2023-10-23 00:00:00,0.4719,-0.0171,0.0051
2023-10-24 00:00:00,0.4956,0.0323,0.0502
