datetime,unrealized_pnl,realized_pnl,total_pnl,market_value,daily_pnl
2021-01-01 00:00:00,0.0000,0.0000,0.0000,17701.8000,0.0000
2021-01-02 00:00:00,267.2972,0.0000,267.2972,17969.0972,267.2972
2021-01-03 00:00:00,1986.1420,0.0000,1986.1420,19687.9420,1718.8448
2021-01-04 00:00:00,2137.5457,372.5696,2510.1152,17211.9157,523.9733
2021-01-05 00:00:00,1536.0783,372.5696,1908.6479,16610.4483,-601.4674
2021-01-06 00:00:00,2716.4015,372.5696,3088.9710,17790.7715,1180.3232
2021-01-07 00:00:00,4425.8350,372.5696,4798.4046,19500.2050,1709.4336
2021-01-08 00:00:00,6076.4785,372.5696,6449.0481,21150.8485,1650.6435
2021-01-09 00:00:00,6816.6301,372.5696,7189.1997,21891.0001,740.1516
2021-01-10 00:00:00,6533.2320,372.5696,6905.8015,21607.6020,-283.3982
2021-01-11 00:00:00,5019.7652,372.5696,5392.3348,20094.1352,-1513.4667
2021-01-12 00:00:00,2978.6955,372.5696,3351.2651,18053.0655,-2041.0697
2021-01-13 00:00:00,1870.7293,372.5696,2243.2989,16945.0993,-1107.9662
2021-01-14 00:00:00,4507.2366,372.5696,4879.8062,19581.6066,2636.5073
2021-01-15 00:00:00,5892.5712,372.5696,6265.1408,20966.9412,1385.3346
2021-01-16 00:00:00,3857.5313,372.5696,4230.1009,18931.9013,-2035.0400
2021-01-17 00:00:00,3237.9747,372.5696,3610.5443,18312.3447,-619.5566
2021-01-18 00:00:00,3082.7087,372.5696,3455.2782,18157.0787,-155.2660
2021-01-19 00:00:00,3417.3597,372.5696,3789.9293,18491.7297,334.6510
2021-01-20 00:00:00,3130.9466,372.5696,3503.5162,18205.3166,-286.4130
2021-01-21 00:00:00,2981.7104,372.5696,3354.2800,18056.0804,-149.2363
2021-01-22 00:00:00,1395.8867,372.5696,1768.4562,16470.2567,-1585.8237
2021-01-23 00:00:00,2066.6961,372.5696,2439.2657,17141.0661,670.8095
2021-01-24 00:00:00,1802.8947,372.5696,2175.4642,16877.2647,-263.8015
2021-01-25 00:00:00,1836.0583,372.5696,2208.6278,16910.4283,33.1636
2021-01-26 00:00:00,1833.0434,372.5696,2205.6130,16907.4134,-3.0149
2021-01-27 00:00:00,1876.7591,372.5696,2249.3286,16951.1291,43.7157
2021-01-28 00:00:00,1493.8701,372.5696,1866.4396,16568.2401,-382.8890
2021-01-29 00:00:00,1974.7425,372.5696,2347.3120,17049.1125,480.8724
2021-01-30 00:00:00,2087.8002,372.5696,2460.3698,17162.1702,113.0578
2021-01-31 00:00:00,2105.8895,372.5696,2478.4591,17180.2595,18.0892
2021-02-01 00:00:00,1995.8466,372.5696,2368.4162,17070.2166,-110.0429
2021-02-02 00:00:00,2025.9953,372.5696,2398.5649,17100.3653,30.1487
2021-02-03 00:00:00,2105.8895,372.5696,2478.4591,17180.2595,79.8942
2021-02-04 00:00:00,2137.5457,372.5696,2510.1152,17211.9157,31.6562
2021-02-05 00:00:00,2172.2167,372.5696,2544.7863,17246.5867,34.6711
2021-02-06 00:00:00,2126.9936,372.5696,2499.5632,17201.3636,-45.2231
2021-02-07 00:00:00,2604.8511,372.5696,2977.4207,17679.2211,477.8575
2021-02-08 00:00:00,2315.4232,372.5696,2687.9928,17389.7932,-289.4279
2021-02-09 00:00:00,7582.4081,372.5696,7954.9777,22656.7781,5266.9849
2021-02-10 00:00:00,7588.4379,372.5696,7961.0074,22662.8079,6.0297
2021-02-11 00:00:00,6311.6387,372.5696,6684.2083,21386.0087,-1276.7991
2021-02-12 00:00:00,8706.9561,372.5696,9079.5257,23781.3261,2395.3174
2021-02-13 00:00:00,8179.3532,372.5696,8551.9227,23253.7232,-527.6029
2021-02-14 00:00:00,7968.3120,372.5696,8340.8816,23042.6820,-211.0412
2021-02-15 00:00:00,9116.9790,372.5696,9489.5485,24191.3490,1148.6670
2021-02-16 00:00:00,8482.3480,372.5696,8854.9176,23556.7180,-634.6310
2021-02-17 00:00:00,9475.7490,372.5696,9848.3186,24550.1190,993.4010
2021-02-18 00:00:00,12071.5555,372.5696,12444.1251,27145.9255,2595.8065
2021-02-19 00:00:00,11789.6648,372.5696,12162.2344,26864.0348,-281.8907
2021-02-20 00:00:00,14049.3128,372.5696,14421.8824,29123.6828,2259.6481
2021-02-21 00:00:00,14040.2682,372.5696,14412.8378,29114.6382,-9.0446
2021-02-22 00:00:00,14907.0445,372.5696,15279.6141,29981.4145,866.7763
2021-02-23 00:00:00,12900.6458,372.5696,13273.2154,27975.0158,-2006.3986
2021-02-24 00:00:00,9698.8497,372.5696,10071.4192,24773.2197,-3201.7962
2021-02-25 00:00:00,10206.8559,372.5696,10579.4255,25281.2259,508.0063
2021-02-26 00:00:00,8416.0208,372.5696,8788.5903,23490.3908,-1790.8352
2021-02-27 00:00:00,8058.7582,372.5696,8431.3278,23133.1282,-357.2626
2021-02-28 00:00:00,7993.9384,372.5696,8366.5080,23068.3084,-64.8198
2021-03-01 00:00:00,7635.1684,372.5696,8007.7380,22709.5384,-358.7700
2021-03-02 00:00:00,9192.3508,372.5696,9564.9204,24266.7208,1557.1824
2021-03-03 00:00:00,8809.4618,372.5696,9182.0314,23883.8318,-382.8890
2021-03-04 00:00:00,9416.9589,372.5696,9789.5285,24491.3289,607.4971
2021-03-05 00:00:00,8812.4767,372.5696,9185.0463,23886.8467,-604.4822
2021-03-06 00:00:00,8914.9824,372.5696,9287.5520,23989.3524,102.5057
2021-03-07 00:00:00,8957.1907,372.5696,9329.7602,24031.5607,42.2082
2021-03-08 00:00:00,9433.5407,372.5696,9806.1103,24507.9107,476.3501
2021-03-09 00:00:00,9712.4166,372.5696,10084.9862,24786.7866,278.8758
2021-03-10 00:00:00,10176.7072,372.5696,10549.2768,25251.0772,464.2906
2021-03-11 00:00:00,10360.6145,372.5696,10733.1841,25434.9845,183.9073
2021-03-12 00:00:00,11635.9062,372.5696,12008.4758,26710.2762,1275.2917
2021-03-13 00:00:00,11209.3015,372.5696,11581.8711,26283.6715,-426.6047
2021-03-14 00:00:00,14001.0749,372.5696,14373.6444,29075.4449,2791.7733
2021-03-15 00:00:00,12308.2231,372.5696,12680.7927,27382.5931,-1692.8518
2021-03-16 00:00:00,9719.9538,372.5696,10092.5233,24794.3238,-2588.2693
2021-03-17 00:00:00,10734.4589,372.5696,11107.0285,25808.8289,1014.5051
2021-03-18 00:00:00,12330.8347,372.5696,12703.4042,27405.2047,1596.3758
2021-03-19 00:00:00,11195.7346,372.5696,11568.3042,26270.1046,-1135.1001
2021-03-20 00:00:00,11545.4600,372.5696,11918.0296,26619.8300,349.7254
2021-03-21 00:00:00,11590.6831,372.5696,11963.2527,26665.0531,45.2231
2021-03-22 00:00:00,10936.4554,372.5696,11309.0250,26010.8254,-654.2277
2021-03-23 00:00:00,9620.4629,372.5696,9993.0325,24694.8329,-1315.9925
2021-03-24 00:00:00,9719.9538,372.5696,10092.5233,24794.3238,99.4908
2021-03-25 00:00:00,8999.3989,372.5696,9371.9685,24073.7689,-720.5549
2021-03-26 00:00:00,8687.3594,372.5696,9059.9290,23761.7294,-312.0395
2021-03-27 00:00:00,9814.9223,372.5696,10187.4919,24889.2923,1127.5629
2021-03-28 00:00:00,10044.0527,372.5696,10416.6223,25118.4227,229.1304
2021-03-29 00:00:00,9979.2329,372.5696,10351.8025,25053.6029,-64.8198
2021-03-30 00:00:00,10461.6128,372.5696,10834.1824,25535.9828,482.3798
2021-03-31 00:00:00,10723.9068,372.5696,11096.4764,25798.2768,262.2940
2021-04-01 00:00:00,10732.9514,372.5696,11105.5210,25807.3214,9.0446
2021-04-02 00:00:00,10745.0109,372.5696,11117.5805,25819.3809,12.0595
2021-04-03 00:00:00,10809.8307,372.5696,11182.4003,25884.2007,64.8198
2021-04-04 00:00:00,10567.1334,372.5696,10939.7029,25641.5034,-242.6974
2021-04-05 00:00:00,10690.7432,372.5696,11063.3128,25765.1132,123.6098
2021-04-06 00:00:00,10791.7415,372.5696,11164.3111,25866.1115,100.9983
2021-04-07 00:00:00,10757.0704,372.5696,11129.6400,25831.4404,-34.6711
2021-04-08 00:00:00,10648.5350,372.5696,11021.1045,25722.9050,-108.5355
2021-04-09 00:00:00,10741.9961,372.5696,11114.5656,25816.3661,93.4611
2021-04-10 00:00:00,10755.5630,372.5696,11128.1326,25829.9330,13.5669
2021-04-11 00:00:00,10809.8307,372.5696,11182.4003,25884.2007,54.2677
2021-04-12 00:00:00,10855.0538,372.5696,11227.6234,25929.4238,45.2231
2021-04-13 00:00:00,10942.4852,372.5696,11315.0548,26016.8552,87.4313
2021-04-14 00:00:00,10760.0853,372.5696,11132.6549,25834.4553,-182.3999
2021-04-15 00:00:00,10372.6740,372.5696,10745.2436,25447.0440,-387.4113
2021-04-16 00:00:00,10511.3582,372.5696,10883.9278,25585.7282,138.6842
2021-04-17 00:00:00,9332.5425,372.5696,9705.1120,24406.9125,-1178.8157
2021-04-18 00:00:00,8431.0951,372.5696,8803.6647,23505.4651,-901.4473
2021-04-19 00:00:00,5832.2738,372.5696,6204.8433,20906.6438,-2598.8214
2021-04-20 00:00:00,5649.8739,372.5696,6022.4434,20724.2439,-182.3999
2021-04-21 00:00:00,5894.0787,372.5696,6266.6482,20968.4487,244.2048
2021-04-22 00:00:00,5128.3007,372.5696,5500.8702,20202.6707,-765.7780
2021-04-23 00:00:00,4578.0862,372.5696,4950.6557,19652.4562,-550.2145
2021-04-24 00:00:00,4434.8797,372.5696,4807.4492,19509.2497,-143.2065
2021-04-25 00:00:00,4192.1823,372.5696,4564.7519,19266.5523,-242.6974
2021-04-26 00:00:00,3982.6486,372.5696,4355.2181,19057.0186,-209.5337
2021-04-27 00:00:00,5021.2726,372.5696,5393.8422,20095.6426,1038.6241
2021-04-28 00:00:00,5197.6428,372.5696,5570.2123,20272.0128,176.3701
2021-04-29 00:00:00,5169.0015,372.5696,5541.5710,20243.3715,-28.6413
2021-04-30 00:00:00,4988.1090,372.5696,5360.6786,20062.4790,-180.8924
2021-05-01 00:00:00,5515.7120,372.5696,5888.2816,20590.0820,527.6029
2021-05-02 00:00:00,5515.7120,372.5696,5888.2816,20590.0820,0.0000
2021-05-03 00:00:00,5405.6691,372.5696,5778.2387,20480.0391,-110.0429
2021-05-04 00:00:00,5554.9053,372.5696,5927.4749,20629.2753,149.2363
2021-05-05 00:00:00,4370.0599,372.5696,4742.6294,19444.4299,-1184.8455
2021-05-06 00:00:00,5710.1714,372.5696,6082.7409,20784.5414,1340.1115
2021-05-07 00:00:00,5358.9385,372.5696,5731.5081,20433.3085,-351.2328
2021-05-08 00:00:00,5675.5003,372.5696,6048.0699,20749.8703,316.5618
2021-05-09 00:00:00,6225.7148,372.5696,6598.2844,21300.0848,550.2145
2021-05-10 00:00:00,5969.4505,372.5696,6342.0201,21043.8205,-256.2643
2021-05-11 00:00:00,5040.8693,372.5696,5413.4389,20115.2393,-928.5812
2021-05-12 00:00:00,5387.5798,372.5696,5760.1494,20461.9498,346.7105
2021-05-13 00:00:00,2414.9141,372.5696,2787.4836,17489.2841,-2972.6658
2021-05-14 00:00:00,1905.4004,372.5696,2277.9699,16979.7704,-509.5137
2021-05-15 00:00:00,1905.4004,372.5696,2277.9699,16979.7704,0.0000
2021-05-16 00:00:00,2081.7705,372.5696,2454.3401,17156.1405,176.3701
2021-05-17 00:00:00,2116.4415,372.5696,2489.0111,17190.8115,34.6711
2021-05-18 00:00:00,2288.2894,372.5696,2660.8589,17362.6594,171.8478
2021-05-19 00:00:00,2353.1092,372.5696,2725.6787,17427.4792,64.8198
2021-05-20 00:00:00,2818.9072,372.5696,3191.4768,17893.2772,465.7980
2021-05-21 00:00:00,2470.6892,372.5696,2843.2588,17545.0592,-348.2179
2021-05-22 00:00:00,2767.6543,372.5696,3140.2239,17842.0243,296.9651
2021-05-23 00:00:00,2745.0428,372.5696,3117.6124,17819.4128,-22.6116
2021-05-24 00:00:00,3038.9930,372.5696,3411.5626,18113.3630,293.9502
2021-05-25 00:00:00,2541.5388,372.5696,2914.1084,17615.9088,-497.4542
2021-05-26 00:00:00,2622.9404,372.5696,2995.5100,17697.3104,81.4016
2021-05-27 00:00:00,2490.2859,372.5696,2862.8555,17564.6559,-132.6545
2021-05-28 00:00:00,2585.2545,372.5696,2957.8240,17659.6245,94.9685
2021-05-29 00:00:00,3025.4261,372.5696,3397.9956,18099.7961,440.1716
2021-05-30 00:00:00,2811.3700,372.5696,3183.9396,17885.7400,-214.0561
2021-05-31 00:00:00,2954.5765,372.5696,3327.1461,18028.9465,143.2065
2021-06-01 00:00:00,3155.0656,372.5696,3527.6352,18229.4356,200.4891
2021-06-02 00:00:00,3087.2310,372.5696,3459.8006,18161.6010,-67.8347
2021-06-03 00:00:00,3189.7367,372.5696,3562.3063,18264.1067,102.5057
2021-06-04 00:00:00,3435.4489,372.5696,3808.0185,18509.8189,245.7122
2021-06-05 00:00:00,3055.5748,372.5696,3428.1444,18129.9448,-379.8741
2021-06-06 00:00:00,2836.9964,372.5696,3209.5660,17911.3664,-218.5784
2021-06-07 00:00:00,2885.2344,372.5696,3257.8040,17959.6044,48.2380
2021-06-08 00:00:00,2478.2264,372.5696,2850.7960,17552.5964,-407.0080
2021-06-09 00:00:00,2442.0479,372.5696,2814.6175,17516.4179,-36.1785
2021-06-10 00:00:00,3237.9747,372.5696,3610.5443,18312.3447,795.9267
2021-06-11 00:00:00,3090.2459,372.5696,3462.8154,18164.6158,-147.7288
2021-06-12 00:00:00,3234.9598,372.5696,3607.5294,18309.3298,144.7140
2021-06-13 00:00:00,2824.9369,372.5696,3197.5065,17899.3069,-410.0229
2021-06-14 00:00:00,3638.9529,372.5696,4011.5225,18713.3229,814.0160
2021-06-15 00:00:00,4000.7378,372.5696,4373.3074,19075.1078,361.7849
2021-06-16 00:00:00,3911.7990,372.5696,4284.3686,18986.1690,-88.9388
2021-06-17 00:00:00,3444.4935,372.5696,3817.0631,18518.8635,-467.3055
2021-06-18 00:00:00,3375.1514,372.5696,3747.7210,18449.5214,-69.3421
2021-06-19 00:00:00,2751.0725,372.5696,3123.6421,17825.4425,-624.0789
2021-06-20 00:00:00,2669.6709,372.5696,3042.2405,17744.0409,-81.4016
2021-06-21 00:00:00,2692.2825,372.5696,3064.8521,17766.6525,22.6116
2021-06-22 00:00:00,1508.9444,372.5696,1881.5140,16583.3144,-1183.3380
2021-06-23 00:00:00,1781.7905,372.5696,2154.3601,16856.1605,272.8461
2021-06-24 00:00:00,1750.1344,372.5696,2122.7039,16824.5044,-31.6562
2021-06-25 00:00:00,1759.1790,372.5696,2131.7486,16833.5490,9.0446
2021-06-26 00:00:00,1698.8815,372.5696,2071.4511,16773.2515,-60.2975
2021-06-27 00:00:00,1683.8071,372.5696,2056.3767,16758.1771,-15.0744
2021-06-28 00:00:00,1650.6435,372.5696,2023.2131,16725.0135,-33.1636
2021-06-29 00:00:00,1656.6733,372.5696,2029.2428,16731.0433,6.0297
2021-06-30 00:00:00,1671.7476,372.5696,2044.3172,16746.1176,15.0744
2021-07-01 00:00:00,0.0001,1996.0791,1996.0792,16697.0011,-48.2380
2021-07-02 00:00:00,0.0000,1996.0791,1996.0791,16697.0000,0.0000
2021-07-03 00:00:00,0.0000,1996.0791,1996.0791,16697.0000,0.0000
2021-07-04 00:00:00,10.0182,1996.0791,2006.0973,16707.0182,10.0182
2021-07-05 00:00:00,16.6970,1996.0791,2012.7761,16713.6970,6.6788
2021-07-06 00:00:00,0.0000,1996.0791,1996.0791,16697.0000,-16.6970
2021-07-07 00:00:00,6.6788,1996.0791,2002.7579,16703.6788,6.6788
2021-07-08 00:00:00,1.6697,1996.0791,1997.7488,16698.6697,-5.0091
2021-07-09 00:00:00,-13.3576,1996.0791,1982.7215,16683.6424,-15.0273
2021-07-10 00:00:00,0.0000,1996.0791,1996.0791,16697.0000,13.3576
2021-07-11 00:00:00,-5.0091,1996.0791,1991.0700,16691.9909,-5.0091
2021-07-12 00:00:00,5.0091,1996.0791,2001.0882,16702.0091,10.0182
2021-07-13 00:00:00,-13.3576,1996.0791,1982.7215,16683.6424,-18.3667
2021-07-14 00:00:00,-20.0364,1996.0791,1976.0427,16676.9636,-6.6788
2021-07-15 00:00:00,-18.3667,1996.0791,1977.7124,16678.6333,1.6697
2021-07-16 00:00:00,-33.3940,1996.0791,1962.6851,16663.6060,-15.0273
2021-07-17 00:00:00,-43.4122,1996.0791,1952.6669,16653.5878,-10.0182
2021-07-18 00:00:00,-41.7425,1996.0791,1954.3366,16655.2575,1.6697
2021-07-19 00:00:00,-43.4122,1996.0791,1952.6669,16653.5878,-1.6697
2021-07-20 00:00:00,-38.4031,1996.0791,1957.6760,16658.5969,5.0091
2021-07-21 00:00:00,-33.3940,1996.0791,1962.6851,16663.6060,5.0091
2021-07-22 00:00:00,-50.0910,1996.0791,1945.9881,16646.9090,-16.6970
2021-07-23 00:00:00,-53.4304,1996.0791,1942.6487,16643.5696,-3.3394
2021-07-24 00:00:00,-38.4031,1996.0791,1957.6760,16658.5969,15.0273
2021-07-25 00:00:00,-30.0546,1996.0791,1966.0245,16666.9454,8.3485
2021-07-26 00:00:00,30.0546,1996.0791,2026.1337,16727.0546,60.1092
2021-07-27 00:00:00,355.6461,1996.0791,2351.7252,17052.6461,325.5915
2021-07-28 00:00:00,769.7317,1996.0791,2765.8108,17466.7317,414.0856
2021-07-29 00:00:00,884.9410,1996.0791,2881.0201,17581.9410,115.2093
2021-07-30 00:00:00,920.0047,1996.0791,2916.0838,17617.0047,35.0637
2021-07-31 00:00:00,1457.6481,1996.0791,3453.7272,18154.6481,537.6434
2021-08-01 00:00:00,1302.3660,1996.0791,3298.4451,17999.3660,-155.2821
2021-08-02 00:00:00,923.3441,1996.0791,2919.4232,17620.3441,-379.0219
2021-08-03 00:00:00,771.4014,1996.0791,2767.4805,17468.4014,-151.9427
2021-08-04 00:00:00,535.9737,1996.0791,2532.0528,17232.9737,-235.4277
2021-08-05 00:00:00,1026.8655,1996.0791,3022.9446,17723.8655,490.8918
2021-08-06 00:00:00,1280.6599,1996.0791,3276.7390,17977.6599,253.7944
2021-08-07 00:00:00,1743.1668,1996.0791,3739.2459,18440.1668,462.5069
