datetime,unrealized_pnl,realized_pnl,total_pnl,market_value,daily_pnl
2021-01-01 00:00:00,0.0000,0.0000,0.0000,6190.0000,0.0000
2021-01-02 00:00:00,93.4690,0.0000,93.4690,6283.4690,93.4690
2021-01-03 00:00:00,694.5180,0.0000,694.5180,6884.5180,601.0490
2021-01-04 00:00:00,877.7420,0.0000,877.7420,8607.7333,183.2240
2021-01-05 00:00:00,576.9463,0.0000,576.9463,8306.9376,-300.7957
2021-01-06 00:00:00,1167.2296,0.0000,1167.2296,8897.2209,590.2833
2021-01-07 00:00:00,2022.1227,0.0000,2022.1227,9752.1141,854.8931
2021-01-08 00:00:00,2847.6148,0.0000,2847.6148,10577.6061,825.4920
2021-01-09 00:00:00,3217.7669,0.0000,3217.7669,10947.7582,370.1521
2021-01-10 00:00:00,3076.0386,0.0000,3076.0386,10806.0299,-141.7283
2021-01-11 00:00:00,2319.1491,0.0000,2319.1491,10049.1404,-756.8895
2021-01-12 00:00:00,1298.4037,0.0000,1298.4037,9028.3950,-1020.7454
2021-01-13 00:00:00,744.3063,0.0000,744.3063,8474.2976,-554.0974
2021-01-14 00:00:00,2062.8319,0.0000,2062.8319,9792.8233,1318.5256
2021-01-15 00:00:00,2755.6421,0.0000,2755.6421,10485.6335,692.8102
2021-01-16 00:00:00,1737.9122,0.0000,1737.9122,9467.9036,-1017.7299
2021-01-17 00:00:00,1428.0700,0.0000,1428.0700,9158.0614,-309.8422
2021-01-18 00:00:00,1350.4210,0.0000,1350.4210,9080.4123,-77.6490
2021-01-19 00:00:00,1517.7810,0.0000,1517.7810,9247.7724,167.3600
2021-01-20 00:00:00,1374.5450,0.0000,1374.5450,9104.5363,-143.2361
2021-01-21 00:00:00,1299.9114,0.0000,1299.9114,9029.9028,-74.6335
2021-01-22 00:00:00,506.8360,0.0000,506.8360,8236.8273,-793.0754
2021-01-23 00:00:00,842.3099,0.0000,842.3099,8572.3013,335.4739
2021-01-24 00:00:00,710.3820,0.0000,710.3820,8440.3733,-131.9280
2021-01-25 00:00:00,726.9672,0.0000,726.9672,8456.9585,16.5852
2021-01-26 00:00:00,725.4595,0.0000,725.4595,8455.4508,-1.5077
2021-01-27 00:00:00,747.3218,0.0000,747.3218,8477.3131,21.8623
2021-01-28 00:00:00,555.8378,0.0000,555.8378,8285.8291,-191.4840
2021-01-29 00:00:00,796.3236,0.0000,796.3236,8526.3149,240.4858
2021-01-30 00:00:00,852.8642,0.0000,852.8642,8582.8555,56.5406
2021-01-31 00:00:00,861.9106,0.0000,861.9106,8591.9020,9.0465
2021-02-01 00:00:00,806.8778,0.0000,806.8778,8536.8692,-55.0328
2021-02-02 00:00:00,821.9553,0.0000,821.9553,8551.9467,15.0775
2021-02-03 00:00:00,861.9106,0.0000,861.9106,8591.9020,39.9553
2021-02-04 00:00:00,877.7420,0.0000,877.7420,8607.7333,15.8314
2021-02-05 00:00:00,895.0811,0.0000,895.0811,8625.0724,17.3391
2021-02-06 00:00:00,872.4649,0.0000,872.4649,8602.4562,-22.6162
2021-02-07 00:00:00,1111.4429,0.0000,1111.4429,8841.4343,238.9781
2021-02-08 00:00:00,966.6991,0.0000,966.6991,8696.6905,-144.7438
2021-02-09 00:00:00,3600.7349,0.0000,3600.7349,11330.7262,2634.0358
2021-02-10 00:00:00,3603.7504,0.0000,3603.7504,11333.7417,3.0155
2021-02-11 00:00:00,2965.2191,0.0000,2965.2191,10695.2104,-638.5313
2021-02-12 00:00:00,4163.1249,0.0000,4163.1249,11893.1162,1197.9058
2021-02-13 00:00:00,3899.2690,0.0000,3899.2690,11629.2603,-263.8559
2021-02-14 00:00:00,3793.7266,0.0000,3793.7266,11523.7180,-105.5424
2021-02-15 00:00:00,4368.1786,0.0000,4368.1786,12098.1700,574.4520
2021-02-16 00:00:00,4050.7977,0.0000,4050.7977,11780.7890,-317.3810
2021-02-17 00:00:00,4547.6006,0.0000,4547.6006,12277.5920,496.8030
2021-02-18 00:00:00,5845.7717,0.0000,5845.7717,13575.7630,1298.1710
2021-02-19 00:00:00,5704.7972,0.0000,5704.7972,13434.7886,-140.9744
2021-02-20 00:00:00,6834.8543,0.0000,6834.8543,14564.8457,1130.0571
2021-02-21 00:00:00,6830.3311,0.0000,6830.3311,14560.3224,-4.5232
2021-02-22 00:00:00,7263.8087,0.0000,7263.8087,14993.8000,433.4775
2021-02-23 00:00:00,6260.4024,0.0000,6260.4024,13990.3937,-1003.4063
2021-02-24 00:00:00,4659.1740,0.0000,4659.1740,12389.1653,-1601.2284
2021-02-25 00:00:00,4913.2295,0.0000,4913.2295,12643.2209,254.0555
2021-02-26 00:00:00,4017.6272,0.0000,4017.6272,11747.6185,-895.6023
2021-02-27 00:00:00,3838.9591,0.0000,3838.9591,11568.9504,-178.6681
2021-02-28 00:00:00,3806.5425,0.0000,3806.5425,11536.5338,-32.4166
2021-03-01 00:00:00,3627.1205,0.0000,3627.1205,11357.1118,-179.4220
2021-03-02 00:00:00,4405.8723,0.0000,4405.8723,12135.8637,778.7518
2021-03-03 00:00:00,4214.3883,0.0000,4214.3883,11944.3797,-191.4840
2021-03-04 00:00:00,4518.1995,0.0000,4518.1995,12248.1909,303.8112
2021-03-05 00:00:00,4215.8961,0.0000,4215.8961,11945.8874,-302.3035
2021-03-06 00:00:00,4267.1595,0.0000,4267.1595,11997.1508,51.2634
2021-03-07 00:00:00,4288.2680,0.0000,4288.2680,12018.2593,21.1085
2021-03-08 00:00:00,4526.4922,0.0000,4526.4922,12256.4835,238.2242
2021-03-09 00:00:00,4665.9589,0.0000,4665.9589,12395.9502,139.4667
2021-03-10 00:00:00,4898.1520,0.0000,4898.1520,12628.1434,232.1932
2021-03-11 00:00:00,4990.1247,0.0000,4990.1247,12720.1160,91.9726
2021-03-12 00:00:00,5627.9021,0.0000,5627.9021,13357.8934,637.7774
2021-03-13 00:00:00,5414.5557,0.0000,5414.5557,13144.5471,-213.3463
2021-03-14 00:00:00,6810.7304,0.0000,6810.7304,14540.7217,1396.1746
2021-03-15 00:00:00,5964.1299,0.0000,5964.1299,13694.1212,-846.6005
2021-03-16 00:00:00,4669.7282,0.0000,4669.7282,12399.7196,-1294.4017
2021-03-17 00:00:00,5177.0854,0.0000,5177.0854,12907.0768,507.3572
2021-03-18 00:00:00,5975.4380,0.0000,5975.4380,13705.4293,798.3526
2021-03-19 00:00:00,5407.7709,0.0000,5407.7709,13137.7622,-567.6671
2021-03-20 00:00:00,5582.6696,0.0000,5582.6696,13312.6610,174.8988
2021-03-21 00:00:00,5605.2859,0.0000,5605.2859,13335.2772,22.6162
2021-03-22 00:00:00,5278.1045,0.0000,5278.1045,13008.0959,-327.1813
2021-03-23 00:00:00,4619.9725,0.0000,4619.9725,12349.9639,-658.1320
2021-03-24 00:00:00,4669.7282,0.0000,4669.7282,12399.7196,49.7557
2021-03-25 00:00:00,4309.3764,0.0000,4309.3764,12039.3678,-360.3518
2021-03-26 00:00:00,4153.3245,0.0000,4153.3245,11883.3159,-156.0519
2021-03-27 00:00:00,4717.2223,0.0000,4717.2223,12447.2136,563.8978
2021-03-28 00:00:00,4831.8111,0.0000,4831.8111,12561.8025,114.5888
2021-03-29 00:00:00,4799.3945,0.0000,4799.3945,12529.3859,-32.4166
2021-03-30 00:00:00,5040.6342,0.0000,5040.6342,12770.6256,241.2397
2021-03-31 00:00:00,5171.8083,0.0000,5171.8083,12901.7996,131.1741
2021-04-01 00:00:00,5176.3315,0.0000,5176.3315,12906.3229,4.5232
2021-04-02 00:00:00,5182.3625,0.0000,5182.3625,12912.3539,6.0310
2021-04-03 00:00:00,5214.7791,0.0000,5214.7791,12944.7705,32.4166
2021-04-04 00:00:00,5093.4054,0.0000,5093.4054,12823.3967,-121.3737
2021-04-05 00:00:00,5155.2231,0.0000,5155.2231,12885.2144,61.8177
2021-04-06 00:00:00,5205.7326,0.0000,5205.7326,12935.7240,50.5096
2021-04-07 00:00:00,5188.3935,0.0000,5188.3935,12918.3849,-17.3391
2021-04-08 00:00:00,5134.1146,0.0000,5134.1146,12864.1059,-54.2789
2021-04-09 00:00:00,5180.8548,0.0000,5180.8548,12910.8461,46.7402
2021-04-10 00:00:00,5187.6397,0.0000,5187.6397,12917.6310,6.7849
2021-04-11 00:00:00,5214.7791,0.0000,5214.7791,12944.7705,27.1395
2021-04-12 00:00:00,5237.3953,0.0000,5237.3953,12967.3867,22.6162
2021-04-13 00:00:00,5281.1200,0.0000,5281.1200,13011.1114,43.7247
2021-04-14 00:00:00,5189.9013,0.0000,5189.9013,12919.8926,-91.2188
2021-04-15 00:00:00,4996.1557,0.0000,4996.1557,12726.1470,-193.7456
2021-04-16 00:00:00,5065.5121,0.0000,5065.5121,12795.5034,69.3564
2021-04-17 00:00:00,4475.9826,0.0000,4475.9826,12205.9739,-589.5295
2021-04-18 00:00:00,4025.1659,0.0000,4025.1659,11755.1573,-450.8167
2021-04-19 00:00:00,2725.4872,0.0000,2725.4872,10455.4785,-1299.6788
2021-04-20 00:00:00,2634.2684,0.0000,2634.2684,10364.2598,-91.2188
2021-04-21 00:00:00,2756.3960,0.0000,2756.3960,10486.3873,122.1276
2021-04-22 00:00:00,2373.4280,0.0000,2373.4280,10103.4193,-382.9680
2021-04-23 00:00:00,2098.2640,0.0000,2098.2640,9828.2553,-275.1640
2021-04-24 00:00:00,2026.6460,0.0000,2026.6460,9756.6373,-71.6180
2021-04-25 00:00:00,1905.2723,0.0000,1905.2723,9635.2636,-121.3737
2021-04-26 00:00:00,1800.4838,0.0000,1800.4838,9530.4751,-104.7885
2021-04-27 00:00:00,2319.9030,0.0000,2319.9030,10049.8943,519.4192
2021-04-28 00:00:00,2408.1062,0.0000,2408.1062,10138.0976,88.2033
2021-04-29 00:00:00,2393.7826,0.0000,2393.7826,10123.7739,-14.3236
2021-04-30 00:00:00,2303.3177,0.0000,2303.3177,10033.3091,-90.4649
2021-05-01 00:00:00,2567.1736,0.0000,2567.1736,10297.1650,263.8559
2021-05-02 00:00:00,2567.1736,0.0000,2567.1736,10297.1650,0.0000
2021-05-03 00:00:00,2512.1408,0.0000,2512.1408,10242.1322,-55.0328
2021-05-04 00:00:00,2586.7744,0.0000,2586.7744,10316.7657,74.6335
2021-05-05 00:00:00,1994.2294,0.0000,1994.2294,9724.2207,-592.5450
2021-05-06 00:00:00,2664.4234,0.0000,2664.4234,10394.4147,670.1940
2021-05-07 00:00:00,2488.7707,0.0000,2488.7707,10218.7621,-175.6526
2021-05-08 00:00:00,2647.0843,0.0000,2647.0843,10377.0756,158.3135
2021-05-09 00:00:00,2922.2483,0.0000,2922.2483,10652.2396,275.1640
2021-05-10 00:00:00,2794.0897,0.0000,2794.0897,10524.0810,-128.1586
2021-05-11 00:00:00,2329.7033,0.0000,2329.7033,10059.6947,-464.3864
2021-05-12 00:00:00,2503.0943,0.0000,2503.0943,10233.0857,173.3910
2021-05-13 00:00:00,1016.4548,0.0000,1016.4548,8746.4461,-1486.6395
2021-05-14 00:00:00,761.6454,0.0000,761.6454,8491.6367,-254.8094
2021-05-15 00:00:00,761.6454,0.0000,761.6454,8491.6367,0.0000
2021-05-16 00:00:00,849.8487,0.0000,849.8487,8579.8400,88.2033
2021-05-17 00:00:00,867.1878,0.0000,867.1878,8597.1791,17.3391
2021-05-18 00:00:00,953.1294,0.0000,953.1294,8683.1207,85.9416
2021-05-19 00:00:00,985.5460,0.0000,985.5460,8715.5373,32.4166
2021-05-20 00:00:00,1218.4930,0.0000,1218.4930,8948.4844,232.9471
2021-05-21 00:00:00,1044.3482,0.0000,1044.3482,8774.3395,-174.1449
2021-05-22 00:00:00,1192.8613,0.0000,1192.8613,8922.8527,148.5132
2021-05-23 00:00:00,1181.5532,0.0000,1181.5532,8911.5446,-11.3081
2021-05-24 00:00:00,1328.5587,0.0000,1328.5587,9058.5500,147.0054
2021-05-25 00:00:00,1079.7802,0.0000,1079.7802,8809.7716,-248.7784
2021-05-26 00:00:00,1120.4894,0.0000,1120.4894,8850.4808,40.7092
2021-05-27 00:00:00,1054.1485,0.0000,1054.1485,8784.1398,-66.3409
2021-05-28 00:00:00,1101.6426,0.0000,1101.6426,8831.6339,47.4941
2021-05-29 00:00:00,1321.7738,0.0000,1321.7738,9051.7651,220.1312
2021-05-30 00:00:00,1214.7237,0.0000,1214.7237,8944.7150,-107.0501
2021-05-31 00:00:00,1286.3417,0.0000,1286.3417,9016.3330,71.6180
2021-06-01 00:00:00,1386.6070,0.0000,1386.6070,9116.5983,100.2652
2021-06-02 00:00:00,1352.6826,0.0000,1352.6826,9082.6740,-33.9243
2021-06-03 00:00:00,1403.9461,0.0000,1403.9461,9133.9374,51.2634
2021-06-04 00:00:00,1526.8275,0.0000,1526.8275,9256.8188,122.8815
2021-06-05 00:00:00,1336.8513,0.0000,1336.8513,9066.8426,-189.9762
2021-06-06 00:00:00,1227.5395,0.0000,1227.5395,8957.5309,-109.3117
2021-06-07 00:00:00,1251.6635,0.0000,1251.6635,8981.6548,24.1240
2021-06-08 00:00:00,1048.1175,0.0000,1048.1175,8778.1089,-203.5460
2021-06-09 00:00:00,1030.0245,0.0000,1030.0245,8760.0159,-18.0930
2021-06-10 00:00:00,1428.0700,0.0000,1428.0700,9158.0614,398.0455
2021-06-11 00:00:00,1354.1904,0.0000,1354.1904,9084.1817,-73.8797
2021-06-12 00:00:00,1426.5623,0.0000,1426.5623,9156.5536,72.3719
2021-06-13 00:00:00,1221.5085,0.0000,1221.5085,8951.4999,-205.0537
2021-06-14 00:00:00,1628.6005,0.0000,1628.6005,9358.5918,407.0920
2021-06-15 00:00:00,1809.5303,0.0000,1809.5303,9539.5216,180.9298
2021-06-16 00:00:00,1765.0517,0.0000,1765.0517,9495.0430,-44.4786
2021-06-17 00:00:00,1531.3508,0.0000,1531.3508,9261.3421,-233.7009
2021-06-18 00:00:00,1496.6726,0.0000,1496.6726,9226.6639,-34.6782
2021-06-19 00:00:00,1184.5687,0.0000,1184.5687,8914.5601,-312.1038
