datetime,unrealized_pnl,realized_pnl,total_pnl,market_value,daily_pnl
2021-03-11 00:00:00,0.0000,0.0000,0.0000,49999.7609,0.0000
2021-03-12 00:00:00,2506.9518,0.0000,2506.9518,52506.7127,2506.9518
2021-03-13 00:00:00,1668.3379,0.0000,1668.3379,51668.0988,-838.6139
2021-03-14 00:00:00,7156.3695,0.0000,7156.3695,57156.1304,5488.0316
2021-03-15 00:00:00,3828.5836,0.0000,3828.5836,53828.3445,-3327.7859
2021-03-16 00:00:00,-1259.4025,0.0000,-1259.4025,48740.3584,-5087.9861
2021-03-17 00:00:00,734.8984,0.0000,734.8984,50734.6593,1994.3009
2021-03-18 00:00:00,3873.0331,0.0000,3873.0331,53872.7940,3138.1347
2021-03-19 00:00:00,1641.6682,0.0000,1641.6682,51641.4291,-2231.3649
2021-03-20 00:00:00,2329.1538,0.0000,2329.1538,52328.9147,687.4856
2021-03-21 00:00:00,2418.0528,0.0000,2418.0528,52417.8137,88.8990
2021-03-22 00:00:00,1131.9806,0.0000,1131.9806,51131.7415,-1286.0722
2021-03-23 00:00:00,-1454.9803,0.0000,-1454.9803,48544.7806,-2586.9609
2021-03-24 00:00:00,-1259.4025,0.0000,-1259.4025,48740.3584,195.5778
2021-03-25 00:00:00,-2675.8599,0.0000,-2675.8599,47323.9010,-1416.4574
2021-03-26 00:00:00,-3289.2630,0.0000,-3289.2630,46710.4979,-613.4031
2021-03-27 00:00:00,-1072.7146,0.0000,-1072.7146,48927.0463,2216.5484
2021-03-28 00:00:00,-622.2930,0.0000,-622.2930,49377.4679,450.4216
2021-03-29 00:00:00,-749.7149,0.0000,-749.7149,49250.0460,-127.4219
2021-03-30 00:00:00,198.5411,0.0000,198.5411,50198.3020,948.2560
2021-03-31 00:00:00,714.1553,0.0000,714.1553,50713.9162,515.6142
2021-04-01 00:00:00,731.9351,0.0000,731.9351,50731.6960,17.7798
2021-04-02 00:00:00,755.6415,0.0000,755.6415,50755.4024,23.7064
2021-04-03 00:00:00,883.0634,0.0000,883.0634,50882.8243,127.4219
2021-04-04 00:00:00,405.9721,0.0000,405.9721,50405.7330,-477.0913
2021-04-05 00:00:00,648.9627,0.0000,648.9627,50648.7236,242.9906
2021-04-06 00:00:00,847.5038,0.0000,847.5038,50847.2647,198.5411
2021-04-07 00:00:00,779.3479,0.0000,779.3479,50779.1088,-68.1559
2021-04-08 00:00:00,565.9903,0.0000,565.9903,50565.7512,-213.3576
2021-04-09 00:00:00,749.7149,0.0000,749.7149,50749.4758,183.7246
2021-04-10 00:00:00,776.3846,0.0000,776.3846,50776.1455,26.6697
2021-04-11 00:00:00,883.0634,0.0000,883.0634,50882.8243,106.6788
2021-04-12 00:00:00,971.9624,0.0000,971.9624,50971.7233,88.8990
2021-04-13 00:00:00,1143.8338,0.0000,1143.8338,51143.5947,171.8714
2021-04-14 00:00:00,785.2745,0.0000,785.2745,50785.0354,-358.5593
2021-04-15 00:00:00,23.7064,0.0000,23.7064,50023.4673,-761.5681
2021-04-16 00:00:00,296.3300,0.0000,296.3300,50296.0909,272.6236
2021-04-17 00:00:00,-2020.9706,0.0000,-2020.9706,47978.7903,-2317.3006
2021-04-18 00:00:00,-3793.0240,0.0000,-3793.0240,46206.7369,-1772.0534
2021-04-19 00:00:00,-8901.7532,0.0000,-8901.7532,41098.0077,-5108.7292
2021-04-20 00:00:00,-9260.3125,0.0000,-9260.3125,40739.4484,-358.5593
2021-04-21 00:00:00,-8780.2579,0.0000,-8780.2579,41219.5030,480.0546
2021-04-22 00:00:00,-10285.6143,0.0000,-10285.6143,39714.1466,-1505.3564
2021-04-23 00:00:00,-11367.2188,0.0000,-11367.2188,38632.5421,-1081.6045
2021-04-24 00:00:00,-11648.7323,0.0000,-11648.7323,38351.0286,-281.5135
2021-04-25 00:00:00,-12125.8236,0.0000,-12125.8236,37873.9373,-477.0913
2021-04-26 00:00:00,-12537.7223,0.0000,-12537.7223,37462.0386,-411.8987
2021-04-27 00:00:00,-10496.0086,0.0000,-10496.0086,39503.7523,2041.7137
2021-04-28 00:00:00,-10149.3025,0.0000,-10149.3025,39850.4584,346.7061
2021-04-29 00:00:00,-10205.6052,0.0000,-10205.6052,39794.1557,-56.3027
2021-04-30 00:00:00,-10561.2012,0.0000,-10561.2012,39438.5597,-355.5960
2021-05-01 00:00:00,-9524.0462,0.0000,-9524.0462,40475.7147,1037.1550
2021-05-02 00:00:00,-9524.0462,0.0000,-9524.0462,40475.7147,0.0000
2021-05-03 00:00:00,-9740.3671,0.0000,-9740.3671,40259.3938,-216.3209
2021-05-04 00:00:00,-9447.0004,0.0000,-9447.0004,40552.7605,293.3667
2021-05-05 00:00:00,-11776.1542,0.0000,-11776.1542,38223.6067,-2329.1538
2021-05-06 00:00:00,-9141.7805,0.0000,-9141.7805,40857.9804,2634.3737
2021-05-07 00:00:00,-9832.2294,0.0000,-9832.2294,40167.5315,-690.4489
2021-05-08 00:00:00,-9209.9364,0.0000,-9209.9364,40789.8245,622.2930
2021-05-09 00:00:00,-8128.3319,0.0000,-8128.3319,41871.4290,1081.6045
2021-05-10 00:00:00,-8632.0929,0.0000,-8632.0929,41367.6680,-503.7610
2021-05-11 00:00:00,-10457.4857,0.0000,-10457.4857,39542.2752,-1825.3928
2021-05-12 00:00:00,-9775.9267,0.0000,-9775.9267,40223.8342,681.5590
2021-05-13 00:00:00,-15619.5543,0.0000,-15619.5543,34380.2066,-5843.6276
2021-05-14 00:00:00,-16621.1497,0.0000,-16621.1497,33378.6112,-1001.5954
2021-05-15 00:00:00,-16621.1497,0.0000,-16621.1497,33378.6112,0.0000
2021-05-16 00:00:00,-16274.4436,0.0000,-16274.4436,33725.3173,346.7061
2021-05-17 00:00:00,-16206.2877,0.0000,-16206.2877,33793.4732,68.1559
2021-05-18 00:00:00,-15868.4715,0.0000,-15868.4715,34131.2894,337.8162
2021-05-19 00:00:00,-15741.0496,0.0000,-15741.0496,34258.7113,127.4219
2021-05-20 00:00:00,-14825.3899,0.0000,-14825.3899,35174.3710,915.6597
2021-05-21 00:00:00,-15509.9122,0.0000,-15509.9122,34489.8487,-684.5223
2021-05-22 00:00:00,-14926.1421,0.0000,-14926.1421,35073.6188,583.7701
2021-05-23 00:00:00,-14970.5916,0.0000,-14970.5916,35029.1693,-44.4495
2021-05-24 00:00:00,-14392.7481,0.0000,-14392.7481,35607.0128,577.8435
2021-05-25 00:00:00,-15370.6371,0.0000,-15370.6371,34629.1238,-977.8890
2021-05-26 00:00:00,-15210.6189,0.0000,-15210.6189,34789.1420,160.0182
2021-05-27 00:00:00,-15471.3893,0.0000,-15471.3893,34528.3716,-260.7704
2021-05-28 00:00:00,-15284.7014,0.0000,-15284.7014,34715.0595,186.6879
2021-05-29 00:00:00,-14419.4178,0.0000,-14419.4178,35580.3431,865.2836
2021-05-30 00:00:00,-14840.2064,0.0000,-14840.2064,35159.5545,-420.7886
2021-05-31 00:00:00,-14558.6929,0.0000,-14558.6929,35441.0680,281.5135
2021-06-01 00:00:00,-14164.5740,0.0000,-14164.5740,35835.1869,394.1189
2021-06-02 00:00:00,-14297.9225,0.0000,-14297.9225,35701.8384,-133.3485
2021-06-03 00:00:00,-14096.4181,0.0000,-14096.4181,35903.3428,201.5044
2021-06-04 00:00:00,-13613.4002,0.0000,-13613.4002,36386.3607,483.0179
2021-06-05 00:00:00,-14360.1518,0.0000,-14360.1518,35639.6091,-746.7516
2021-06-06 00:00:00,-14789.8303,0.0000,-14789.8303,35209.9306,-429.6785
2021-06-07 00:00:00,-14695.0047,0.0000,-14695.0047,35304.7562,94.8256
2021-06-08 00:00:00,-15495.0957,0.0000,-15495.0957,34504.6652,-800.0910
2021-06-09 00:00:00,-15566.2149,0.0000,-15566.2149,34433.5460,-71.1192
2021-06-10 00:00:00,-14001.5925,0.0000,-14001.5925,35998.1684,1564.6224
2021-06-11 00:00:00,-14291.9959,0.0000,-14291.9959,35707.7650,-290.4034
2021-06-12 00:00:00,-14007.5191,0.0000,-14007.5191,35992.2418,284.4768
2021-06-13 00:00:00,-14813.5367,0.0000,-14813.5367,35186.2242,-806.0176
2021-06-14 00:00:00,-13213.3547,0.0000,-13213.3547,36786.4062,1600.1820
2021-06-15 00:00:00,-12502.1627,0.0000,-12502.1627,37497.5982,711.1920
2021-06-16 00:00:00,-12676.9974,0.0000,-12676.9974,37322.7635,-174.8347
2021-06-17 00:00:00,-13595.6204,0.0000,-13595.6204,36404.1405,-918.6230
2021-06-18 00:00:00,-13731.9322,0.0000,-13731.9322,36267.8287,-136.3118
2021-06-19 00:00:00,-14958.7384,0.0000,-14958.7384,35041.0225,-1226.8062
2021-06-20 00:00:00,-15118.7566,0.0000,-15118.7566,34881.0043,-160.0182
2021-06-21 00:00:00,-15074.3071,0.0000,-15074.3071,34925.4538,44.4495
2021-06-22 00:00:00,-17400.4976,0.0000,-17400.4976,32599.2633,-2326.1905
2021-06-23 00:00:00,-16864.1403,0.0000,-16864.1403,33135.6206,536.3573
2021-06-24 00:00:00,-16926.3696,0.0000,-16926.3696,33073.3913,-62.2293
2021-06-25 00:00:00,-16908.5898,0.0000,-16908.5898,33091.1711,17.7798
2021-06-26 00:00:00,-17027.1218,0.0000,-17027.1218,32972.6391,-118.5320
2021-06-27 00:00:00,-17056.7548,0.0000,-17056.7548,32943.0061,-29.6330
2021-06-28 00:00:00,-17121.9474,0.0000,-17121.9474,32877.8135,-65.1926
2021-06-29 00:00:00,-17110.0942,0.0000,-17110.0942,32889.6667,11.8532
2021-06-30 00:00:00,-17080.4612,0.0000,-17080.4612,32919.2997,29.6330
2021-07-01 00:00:00,0.0000,-17175.2868,-17175.2868,32824.0000,-94.8256
2021-07-02 00:00:00,0.0000,-17175.2868,-17175.2868,32824.0000,0.0000
2021-07-03 00:00:00,0.0000,-17175.2868,-17175.2868,32824.0000,0.0000
2021-07-04 00:00:00,19.6944,-17175.2868,-17155.5924,32843.6944,19.6944
2021-07-05 00:00:00,32.8240,-17175.2868,-17142.4628,32856.8240,13.1296
2021-07-06 00:00:00,0.0000,-17175.2868,-17175.2868,32824.0000,-32.8240
2021-07-07 00:00:00,13.1296,-17175.2868,-17162.1572,32837.1296,13.1296
2021-07-08 00:00:00,3.2824,-17175.2868,-17172.0044,32827.2824,-9.8472
2021-07-09 00:00:00,-26.2592,-17175.2868,-17201.5460,32797.7408,-29.5416
2021-07-10 00:00:00,0.0000,-17175.2868,-17175.2868,32824.0000,26.2592
2021-07-11 00:00:00,-9.8472,-17175.2868,-17185.1340,32814.1528,-9.8472
2021-07-12 00:00:00,9.8472,-17175.2868,-17165.4396,32833.8472,19.6944
2021-07-13 00:00:00,-26.2592,-17175.2868,-17201.5460,32797.7408,-36.1064
2021-07-14 00:00:00,-39.3888,-17175.2868,-17214.6756,32784.6112,-13.1296
2021-07-15 00:00:00,-36.1064,-17175.2868,-17211.3932,32787.8936,3.2824
2021-07-16 00:00:00,-65.6480,-17175.2868,-17240.9348,32758.3520,-29.5416
2021-07-17 00:00:00,-85.3424,-17175.2868,-17260.6292,32738.6576,-19.6944
2021-07-18 00:00:00,-82.0600,-17175.2868,-17257.3468,32741.9400,3.2824
2021-07-19 00:00:00,-85.3424,-17175.2868,-17260.6292,32738.6576,-3.2824
2021-07-20 00:00:00,-75.4952,-17175.2868,-17250.7820,32748.5048,9.8472
2021-07-21 00:00:00,-65.6480,-17175.2868,-17240.9348,32758.3520,9.8472
2021-07-22 00:00:00,-98.4720,-17175.2868,-17273.7588,32725.5280,-32.8240
2021-07-23 00:00:00,-105.0368,-17175.2868,-17280.3236,32718.9632,-6.5648
2021-07-24 00:00:00,-75.4952,-17175.2868,-17250.7820,32748.5048,29.5416
2021-07-25 00:00:00,-59.0832,-17175.2868,-17234.3700,32764.9168,16.4120
2021-07-26 00:00:00,59.0832,-17175.2868,-17116.2036,32883.0832,118.1664
2021-07-27 00:00:00,699.1512,-17175.2868,-16476.1356,33523.1512,640.0680
2021-07-28 00:00:00,1513.1864,-17175.2868,-15662.1004,34337.1864,814.0352
2021-07-29 00:00:00,1739.6720,-17175.2868,-15435.6148,34563.6720,226.4856
2021-07-30 00:00:00,1808.6024,-17175.2868,-15366.6844,34632.6024,68.9304
2021-07-31 00:00:00,2865.5352,-17175.2868,-14309.7516,35689.5352,1056.9328
2021-08-01 00:00:00,2560.2720,-17175.2868,-14615.0148,35384.2720,-305.2632
2021-08-02 00:00:00,1815.1672,-17175.2868,-15360.1196,34639.1672,-745.1048
2021-08-03 00:00:00,1516.4688,-17175.2868,-15658.8180,34340.4688,-298.6984
2021-08-04 00:00:00,1053.6504,-17175.2868,-16121.6364,33877.6504,-462.8184
2021-08-05 00:00:00,2018.6760,-17175.2868,-15156.6108,34842.6760,965.0256
2021-08-06 00:00:00,2517.6008,-17175.2868,-14657.6860,35341.6008,498.9248
2021-08-07 00:00:00,3426.8256,-17175.2868,-13748.4612,36250.8256,909.2248
2021-08-08 00:00:00,6371.1384,-17175.2868,-10804.1484,39195.1384,2944.3128
2021-08-09 00:00:00,5701.5288,-17175.2868,-11473.7580,38525.5288,-669.6096
2021-08-10 00:00:00,6614.0360,-17175.2868,-10561.2508,39438.0360,912.5072
2021-08-11 00:00:00,5859.0840,-17175.2868,-11316.2028,38683.0840,-754.9520
2021-08-12 00:00:00,5793.4360,-17175.2868,-11381.8508,38617.4360,-65.6480
2021-08-13 00:00:00,4359.0272,-17175.2868,-12816.2596,37183.0272,-1434.4088
2021-08-14 00:00:00,8665.5360,-17175.2868,-8509.7508,41489.5360,4306.5088
2021-08-15 00:00:00,8307.7544,-17175.2868,-8867.5324,41131.7544,-357.7816
2021-08-16 00:00:00,8307.7544,-17175.2868,-8867.5324,41131.7544,0.0000
2021-08-17 00:00:00,7936.8432,-17175.2868,-9238.4436,40760.8432,-370.9112
2021-08-18 00:00:00,7368.9880,-17175.2868,-9806.2988,40192.9880,-567.8552
2021-08-19 00:00:00,7388.6824,-17175.2868,-9786.6044,40212.6824,19.6944
2021-08-20 00:00:00,8045.1624,-17175.2868,-9130.1244,40869.1624,656.4800
2021-08-21 00:00:00,8248.6712,-17175.2868,-8926.6156,41072.6712,203.5088
2021-08-22 00:00:00,8110.8104,-17175.2868,-9064.4764,40934.8104,-137.8608
2021-08-23 00:00:00,8179.7408,-17175.2868,-8995.5460,41003.7408,68.9304
2021-08-24 00:00:00,8350.4256,-17175.2868,-8824.8612,41174.4256,170.6848
2021-08-25 00:00:00,6778.1560,-17175.2868,-10397.1308,39602.1560,-1572.2696
2021-08-26 00:00:00,6879.9104,-17175.2868,-10295.3764,39703.9104,101.7544
2021-08-27 00:00:00,6692.8136,-17175.2868,-10482.4732,39516.8136,-187.0968
2021-08-28 00:00:00,6807.6976,-17175.2868,-10367.5892,39631.6976,114.8840
2021-08-29 00:00:00,6801.1328,-17175.2868,-10374.1540,39625.1328,-6.5648
2021-08-30 00:00:00,6797.8504,-17175.2868,-10377.4364,39621.8504,-3.2824
2021-08-31 00:00:00,6689.5312,-17175.2868,-10485.7556,39513.5312,-108.3192
2021-09-01 00:00:00,6610.7536,-17175.2868,-10564.5332,39434.7536,-78.7776
2021-09-02 00:00:00,6502.4344,-17175.2868,-10672.8524,39326.4344,-108.3192
2021-09-03 00:00:00,6410.5272,-17175.2868,-10764.7596,39234.5272,-91.9072
2021-09-04 00:00:00,6801.1328,-17175.2868,-10374.1540,39625.1328,390.6056
2021-09-05 00:00:00,6656.7072,-17175.2868,-10518.5796,39480.7072,-144.4256
2021-09-06 00:00:00,6958.6880,-17175.2868,-10216.5988,39782.6880,301.9808
2021-09-07 00:00:00,7175.3264,-17175.2868,-9999.9604,39999.3264,216.6384
2021-09-08 00:00:00,3643.4640,-17175.2868,-13531.8228,36467.4640,-3531.8624
2021-09-09 00:00:00,3590.9456,-17175.2868,-13584.3412,36414.9456,-52.5184
2021-09-10 00:00:00,3594.2280,-17175.2868,-13581.0588,36418.2280,3.2824
2021-09-11 00:00:00,3197.0576,-17175.2868,-13978.2292,36021.0576,-397.1704
2021-09-12 00:00:00,3292.2472,-17175.2868,-13883.0396,36116.2472,95.1896
2021-09-13 00:00:00,3525.2976,-17175.2868,-13649.9892,36349.2976,233.0504
2021-09-14 00:00:00,3311.9416,-17175.2868,-13863.3452,36135.9416,-213.3560
2021-09-15 00:00:00,3604.0752,-17175.2868,-13571.2116,36428.0752,292.1336
2021-09-16 00:00:00,3850.2552,-17175.2868,-13325.0316,36674.2552,246.1800
2021-09-17 00:00:00,3781.3248,-17175.2868,-13393.9620,36605.3248,-68.9304
2021-09-18 00:00:00,3581.0984,-17175.2868,-13594.1884,36405.0984,-200.2264
2021-09-19 00:00:00,3801.0192,-17175.2868,-13374.2676,36625.0192,219.9208
2021-09-20 00:00:00,3229.8816,-17175.2868,-13945.4052,36053.8816,-571.1376
2021-09-21 00:00:00,2586.5312,-17175.2868,-14588.7556,35410.5312,-643.3504
2021-09-22 00:00:00,2258.2912,-17175.2868,-14916.9956,35082.2912,-328.2400
2021-09-23 00:00:00,2629.2024,-17175.2868,-14546.0844,35453.2024,370.9112
2021-09-24 00:00:00,2757.2160,-17175.2868,-14418.0708,35581.2160,128.0136
2021-09-25 00:00:00,2550.4248,-17175.2868,-14624.8620,35374.4248,-206.7912
2021-09-26 00:00:00,2540.5776,-17175.2868,-14634.7092,35364.5776,-9.8472
2021-09-27 00:00:00,2583.2488,-17175.2868,-14592.0380,35407.2488,42.6712
2021-09-28 00:00:00,2527.4480,-17175.2868,-14647.8388,35351.4480,-55.8008
2021-09-29 00:00:00,2658.7440,-17175.2868,-14516.5428,35482.7440,131.2960
2021-09-30 00:00:00,2560.2720,-17175.2868,-14615.0148,35384.2720,-98.4720
2021-10-01 00:00:00,2136.8424,-17175.2868,-15038.4444,34960.8424,-423.4296
2021-10-02 00:00:00,1201.3584,-17175.2868,-15973.9284,34025.3584,-935.4840
2021-10-03 00:00:00,1145.5576,-17175.2868,-16029.7292,33969.5576,-55.8008
2021-10-04 00:00:00,1096.3216,-17175.2868,-16078.9652,33920.3216,-49.2360
2021-10-05 00:00:00,1148.8400,-17175.2868,-16026.4468,33972.8400,52.5184
2021-10-06 00:00:00,925.6368,-17175.2868,-16249.6500,33749.6368,-223.2032
2021-10-07 00:00:00,1073.3448,-17175.2868,-16101.9420,33897.3448,147.7080
2021-10-08 00:00:00,1043.8032,-17175.2868,-16131.4836,33867.8032,-29.5416
2021-10-09 00:00:00,1010.9792,-17175.2868,-16164.3076,33834.9792,-32.8240
2021-10-10 00:00:00,1073.3448,-17175.2868,-16101.9420,33897.3448,62.3656
2021-10-11 00:00:00,843.5768,-17175.2868,-16331.7100,33667.5768,-229.7680
2021-10-12 00:00:00,187.0968,-17175.2868,-16988.1900,33011.0968,-656.4800
2021-10-13 00:00:00,173.9672,-17175.2868,-17001.3196,32997.9672,-13.1296
2021-10-14 00:00:00,1201.3584,-17175.2868,-15973.9284,34025.3584,1027.3912
2021-10-15 00:00:00,1358.9136,-17175.2868,-15816.3732,34182.9136,157.5552
2021-10-16 00:00:00,1509.9040,-17175.2868,-15665.3828,34333.9040,150.9904
2021-10-17 00:00:00,1381.8904,-17175.2868,-15793.3964,34205.8904,-128.0136
2021-10-18 00:00:00,1434.4088,-17175.2868,-15740.8780,34258.4088,52.5184
2021-10-19 00:00:00,1283.4184,-17175.2868,-15891.8684,34107.4184,-150.9904
2021-10-20 00:00:00,1660.8944,-17175.2868,-15514.3924,34484.8944,377.4760
