datetime,unrealized_pnl,realized_pnl,total_pnl,market_value,daily_pnl
2021-01-01 00:00:00,0.0000,0.0000,0.0000,4705.2000,0.0000
2021-01-02 00:00:00,71.0485,0.0000,71.0485,4776.2485,71.0485
2021-01-03 00:00:00,527.9234,0.0000,527.9234,5233.1234,456.8749
2021-01-04 00:00:00,667.1974,0.0000,667.1974,8372.3969,139.2739
2021-01-05 00:00:00,374.6254,0.0000,374.6254,8079.8250,-292.5719
2021-01-06 00:00:00,948.7704,0.0000,948.7704,8653.9699,574.1449
2021-01-07 00:00:00,1780.2906,0.0000,1780.2906,9485.4902,831.5202
2021-01-08 00:00:00,2583.2136,0.0000,2583.2136,10288.4132,802.9230
2021-01-09 00:00:00,2943.2457,0.0000,2943.2457,10648.4453,360.0321
2021-01-10 00:00:00,2805.3923,0.0000,2805.3923,10510.5918,-137.8534
2021-01-11 00:00:00,2069.1962,0.0000,2069.1962,9774.3958,-736.1961
2021-01-12 00:00:00,1076.3581,0.0000,1076.3581,8781.5577,-992.8381
2021-01-13 00:00:00,537.4098,0.0000,537.4098,8242.6094,-538.9483
2021-01-14 00:00:00,1819.8868,0.0000,1819.8868,9525.0864,1282.4770
2021-01-15 00:00:00,2493.7555,0.0000,2493.7555,10198.9551,673.8687
2021-01-16 00:00:00,1503.8504,0.0000,1503.8504,9209.0500,-989.9050
2021-01-17 00:00:00,1202.4793,0.0000,1202.4793,8907.6789,-301.3711
2021-01-18 00:00:00,1126.9533,0.0000,1126.9533,8832.1528,-75.5261
2021-01-19 00:00:00,1289.7376,0.0000,1289.7376,8994.9372,162.7844
2021-01-20 00:00:00,1150.4177,0.0000,1150.4177,8855.6173,-139.3200
2021-01-21 00:00:00,1077.8246,0.0000,1077.8246,8783.0242,-72.5930
2021-01-22 00:00:00,306.4320,0.0000,306.4320,8011.6315,-771.3927
2021-01-23 00:00:00,632.7340,0.0000,632.7340,8337.9336,326.3020
2021-01-24 00:00:00,504.4130,0.0000,504.4130,8209.6125,-128.3210
2021-01-25 00:00:00,520.5448,0.0000,520.5448,8225.7443,16.1318
2021-01-26 00:00:00,519.0782,0.0000,519.0782,8224.2778,-1.4665
2021-01-27 00:00:00,540.3429,0.0000,540.3429,8245.5424,21.2646
2021-01-28 00:00:00,354.0941,0.0000,354.0941,8059.2936,-186.2488
2021-01-29 00:00:00,588.0050,0.0000,588.0050,8293.2045,233.9109
2021-01-30 00:00:00,642.9997,0.0000,642.9997,8348.1993,54.9947
2021-01-31 00:00:00,651.7988,0.0000,651.7988,8356.9984,8.7992
2021-02-01 00:00:00,598.2706,0.0000,598.2706,8303.4702,-53.5282
2021-02-02 00:00:00,612.9359,0.0000,612.9359,8318.1355,14.6653
2021-02-03 00:00:00,651.7988,0.0000,651.7988,8356.9984,38.8629
2021-02-04 00:00:00,667.1974,0.0000,667.1974,8372.3969,15.3985
2021-02-05 00:00:00,684.0624,0.0000,684.0624,8389.2620,16.8650
2021-02-06 00:00:00,662.0645,0.0000,662.0645,8367.2641,-21.9979
2021-02-07 00:00:00,894.5089,0.0000,894.5089,8599.7085,232.4444
2021-02-08 00:00:00,753.7224,0.0000,753.7224,8458.9220,-140.7865
2021-02-09 00:00:00,3315.7433,0.0000,3315.7433,11020.9429,2562.0209
2021-02-10 00:00:00,3318.6764,0.0000,3318.6764,11023.8759,2.9331
2021-02-11 00:00:00,2697.6026,0.0000,2697.6026,10402.8022,-621.0738
2021-02-12 00:00:00,3862.7575,0.0000,3862.7575,11567.9571,1165.1549
2021-02-13 00:00:00,3606.1155,0.0000,3606.1155,11311.3150,-256.6420
2021-02-14 00:00:00,3503.4586,0.0000,3503.4586,11208.6582,-102.6568
2021-02-15 00:00:00,4062.2050,0.0000,4062.2050,11767.4046,558.7464
2021-02-16 00:00:00,3753.5013,0.0000,3753.5013,11458.7009,-308.7037
2021-02-17 00:00:00,4236.7216,0.0000,4236.7216,11941.9212,483.2203
2021-02-18 00:00:00,5499.4005,0.0000,5499.4005,13204.6001,1262.6789
2021-02-19 00:00:00,5362.2803,0.0000,5362.2803,13067.4799,-137.1202
2021-02-20 00:00:00,6461.4416,0.0000,6461.4416,14166.6412,1099.1612
2021-02-21 00:00:00,6457.0420,0.0000,6457.0420,14162.2416,-4.3996
2021-02-22 00:00:00,6878.6682,0.0000,6878.6682,14583.8678,421.6262
2021-02-23 00:00:00,5902.6952,0.0000,5902.6952,13607.8948,-975.9731
2021-02-24 00:00:00,4345.2446,0.0000,4345.2446,12050.4441,-1557.4506
2021-02-25 00:00:00,4592.3542,0.0000,4592.3542,12297.5538,247.1096
2021-02-26 00:00:00,3721.2378,0.0000,3721.2378,11426.4373,-871.1164
2021-02-27 00:00:00,3547.4544,0.0000,3547.4544,11252.6540,-173.7833
2021-02-28 00:00:00,3515.9241,0.0000,3515.9241,11221.1237,-31.5303
2021-03-01 00:00:00,3341.4075,0.0000,3341.4075,11046.6071,-174.5166
2021-03-02 00:00:00,4098.8682,0.0000,4098.8682,11804.0678,757.4607
2021-03-03 00:00:00,3912.6194,0.0000,3912.6194,11617.8190,-186.2488
2021-03-04 00:00:00,4208.1244,0.0000,4208.1244,11913.3240,295.5050
2021-03-05 00:00:00,3914.0859,0.0000,3914.0859,11619.2855,-294.0385
2021-03-06 00:00:00,3963.9478,0.0000,3963.9478,11669.1474,49.8619
2021-03-07 00:00:00,3984.4792,0.0000,3984.4792,11689.6787,20.5314
2021-03-08 00:00:00,4216.1903,0.0000,4216.1903,11921.3899,231.7111
2021-03-09 00:00:00,4351.8439,0.0000,4351.8439,12057.0435,135.6537
2021-03-10 00:00:00,4577.6889,0.0000,4577.6889,12282.8885,225.8450
2021-03-11 00:00:00,4667.1470,0.0000,4667.1470,12372.3466,89.4581
2021-03-12 00:00:00,5287.4875,0.0000,5287.4875,12992.6871,620.3405
2021-03-13 00:00:00,5079.9741,0.0000,5079.9741,12785.1737,-207.5134
2021-03-14 00:00:00,6437.9772,0.0000,6437.9772,14143.1767,1358.0031
2021-03-15 00:00:00,5614.5228,0.0000,5614.5228,13319.7224,-823.4543
2021-03-16 00:00:00,4355.5102,0.0000,4355.5102,12060.7098,-1259.0126
2021-03-17 00:00:00,4848.9962,0.0000,4848.9962,12554.1958,493.4860
2021-03-18 00:00:00,5625.5218,0.0000,5625.5218,13330.7213,776.5255
2021-03-19 00:00:00,5073.3747,0.0000,5073.3747,12778.5743,-552.1470
2021-03-20 00:00:00,5243.4917,0.0000,5243.4917,12948.6913,170.1170
2021-03-21 00:00:00,5265.4896,0.0000,5265.4896,12970.6892,21.9979
2021-03-22 00:00:00,4947.2535,0.0000,4947.2535,12652.4531,-318.2361
2021-03-23 00:00:00,4307.1149,0.0000,4307.1149,12012.3145,-640.1386
2021-03-24 00:00:00,4355.5102,0.0000,4355.5102,12060.7098,48.3954
2021-03-25 00:00:00,4005.0105,0.0000,4005.0105,11710.2101,-350.4997
2021-03-26 00:00:00,0.8565,3852.3685,3853.2251,2.5694,-4004.1540
2021-03-27 00:00:00,0.9785,3852.3685,3853.3470,2.6913,0.1219
2021-03-28 00:00:00,1.0032,3852.3685,3853.3718,2.7161,0.0248
2021-03-29 00:00:00,0.9962,3852.3685,3853.3648,2.7091,-0.0070
2021-03-30 00:00:00,1.0484,3852.3685,3853.4169,2.7612,0.0522
2021-03-31 00:00:00,1.0768,3852.3685,3853.4453,2.7896,0.0284
2021-04-01 00:00:00,1.0777,3852.3685,3853.4463,2.7906,0.0010
2021-04-02 00:00:00,1.0790,3852.3685,3853.4476,2.7919,0.0013
2021-04-03 00:00:00,1.0861,3852.3685,3853.4546,2.7989,0.0070
2021-04-04 00:00:00,1.0598,3852.3685,3853.4284,2.7726,-0.0262
2021-04-05 00:00:00,1.0732,3852.3685,3853.4417,2.7860,0.0134
2021-04-06 00:00:00,1.0841,3852.3685,3853.4526,2.7969,0.0109
2021-04-07 00:00:00,1.0803,3852.3685,3853.4489,2.7932,-0.0037
2021-04-08 00:00:00,1.0686,3852.3685,3853.4372,2.7814,-0.0117
2021-04-09 00:00:00,1.0787,3852.3685,3853.4473,2.7915,0.0101
2021-04-10 00:00:00,1.0802,3852.3685,3853.4487,2.7930,0.0015
2021-04-11 00:00:00,1.0861,3852.3685,3853.4546,2.7989,0.0059
2021-04-12 00:00:00,1.0909,3852.3685,3853.4595,2.8038,0.0049
2021-04-13 00:00:00,1.1004,3852.3685,3853.4689,2.8132,0.0095
2021-04-14 00:00:00,1.0807,3852.3685,3853.4492,2.7935,-0.0197
2021-04-15 00:00:00,1.0388,3852.3685,3853.4073,2.7516,-0.0419
2021-04-16 00:00:00,1.0538,3852.3685,3853.4223,2.7666,0.0150
2021-04-17 00:00:00,0.9263,3852.3685,3853.2949,2.6391,-0.1275
2021-04-18 00:00:00,0.8288,3852.3685,3853.1974,2.5417,-0.0975
2021-04-19 00:00:00,0.5478,3852.3685,3852.9164,2.2606,-0.2810
2021-04-20 00:00:00,0.5281,3852.3685,3852.8966,2.2409,-0.0197
2021-04-21 00:00:00,0.5545,3852.3685,3852.9231,2.2673,0.0264
2021-04-22 00:00:00,0.4717,3852.3685,3852.8403,2.1845,-0.0828
2021-04-23 00:00:00,0.4122,3852.3685,3852.7808,2.1250,-0.0595
2021-04-24 00:00:00,0.3967,3852.3685,3852.7653,2.1095,-0.0155
2021-04-25 00:00:00,0.3705,3852.3685,3852.7390,2.0833,-0.0262
2021-04-26 00:00:00,0.3478,3852.3685,3852.7164,2.0606,-0.0227
2021-04-27 00:00:00,0.4601,3852.3685,3852.8287,2.1730,0.1123
2021-04-28 00:00:00,0.4792,3852.3685,3852.8477,2.1920,0.0191
2021-04-29 00:00:00,0.4761,3852.3685,3852.8447,2.1889,-0.0031
2021-04-30 00:00:00,0.4565,3852.3685,3852.8251,2.1694,-0.0196
2021-05-01 00:00:00,0.5136,3852.3685,3852.8821,2.2264,0.0570
2021-05-02 00:00:00,0.5136,3852.3685,3852.8821,2.2264,0.0000
2021-05-03 00:00:00,0.5017,3852.3685,3852.8702,2.2145,-0.0119
2021-05-04 00:00:00,0.5178,3852.3685,3852.8864,2.2307,0.0161
2021-05-05 00:00:00,0.3897,3852.3685,3852.7583,2.1025,-0.1281
2021-05-06 00:00:00,0.5346,3852.3685,3852.9032,2.2474,0.1449
2021-05-07 00:00:00,0.4966,3852.3685,3852.8652,2.2095,-0.0380
2021-05-08 00:00:00,0.5309,3852.3685,3852.8994,2.2437,0.0342
2021-05-09 00:00:00,0.5904,3852.3685,3852.9589,2.3032,0.0595
2021-05-10 00:00:00,0.5627,3852.3685,3852.9312,2.2755,-0.0277
2021-05-11 00:00:00,0.4623,3852.3685,3852.8308,2.1751,-0.1004
2021-05-12 00:00:00,0.4997,3852.3685,3852.8683,2.2126,0.0375
2021-05-13 00:00:00,0.1783,3852.3685,3852.5469,1.8911,-0.3214
2021-05-14 00:00:00,0.1232,3852.3685,3852.4918,1.8360,-0.0551
2021-05-15 00:00:00,0.1232,3852.3685,3852.4918,1.8360,0.0000
2021-05-16 00:00:00,0.1423,3852.3685,3852.5108,1.8551,0.0191
2021-05-17 00:00:00,0.1460,3852.3685,3852.5146,1.8589,0.0037
2021-05-18 00:00:00,0.1646,3852.3685,3852.5332,1.8774,0.0186
2021-05-19 00:00:00,0.1716,3852.3685,3852.5402,1.8844,0.0070
2021-05-20 00:00:00,0.2220,3852.3685,3852.5905,1.9348,0.0504
2021-05-21 00:00:00,0.1843,3852.3685,3852.5529,1.8972,-0.0377
2021-05-22 00:00:00,0.2164,3852.3685,3852.5850,1.9293,0.0321
2021-05-23 00:00:00,0.2140,3852.3685,3852.5825,1.9268,-0.0024
2021-05-24 00:00:00,0.2458,3852.3685,3852.6143,1.9586,0.0318
2021-05-25 00:00:00,0.1920,3852.3685,3852.5605,1.9048,-0.0538
2021-05-26 00:00:00,0.2008,3852.3685,3852.5693,1.9136,0.0088
2021-05-27 00:00:00,0.1865,3852.3685,3852.5550,1.8993,-0.0143
2021-05-28 00:00:00,0.1967,3852.3685,3852.5653,1.9095,0.0103
2021-05-29 00:00:00,0.2443,3852.3685,3852.6129,1.9571,0.0476
2021-05-30 00:00:00,0.2212,3852.3685,3852.5897,1.9340,-0.0231
2021-05-31 00:00:00,0.2367,3852.3685,3852.6052,1.9495,0.0155
2021-06-01 00:00:00,0.2583,3852.3685,3852.6269,1.9712,0.0217
2021-06-02 00:00:00,0.2510,3852.3685,3852.6195,1.9638,-0.0073
2021-06-03 00:00:00,0.2621,3852.3685,3852.6306,1.9749,0.0111
